1,9,499,158,31,75,1,-4,-7.359100
1,15,258,219,32,88,1,-11,-5.599500
1,19,633,242,42,81,1,-9,-12.587000
2,9,497,158,31,75,1,-4,-7.315600
2,15,263,218,32,88,1,-11,-5.651600
2,19,627,242,42,81,1,-9,-12.489000
3,9,495,159,31,75,1,-4,-7.314000
3,15,268,216,32,88,1,-11,-5.664300
3,19,619,242,41,81,1,-9,-12.342000
4,9,492,160,31,75,1,-4,-7.290900
4,15,275,215,32,87,1,-10,-5.714200
4,19,610,242,41,82,1,-9,-12.214000
5,9,489,161,31,75,1,-4,-7.267900
5,15,281,214,32,87,1,-10,-5.785600
5,19,601,242,41,82,1,-9,-12.067000
6,9,487,162,31,75,1,-4,-7.266500
6,15,288,212,32,87,1,-10,-5.836300
6,19,591,241,41,82,1,-9,-11.883000
7,9,484,163,31,75,1,-4,-7.243700
7,15,294,211,31,87,1,-10,-5.889800
7,19,582,241,40,83,1,-9,-11.756000
8,9,481,163,31,75,1,-4,-7.179300
8,15,301,210,31,86,1,-10,-5.941200
8,19,572,241,40,83,1,-9,-11.592000
9,9,478,165,31,75,1,-4,-7.198400
9,15,307,208,31,86,1,-10,-5.974400
9,19,562,240,39,83,1,-9,-11.390000
10,9,474,166,31,75,1,-5,-7.154700
10,15,314,207,31,86,1,-10,-6.066300
10,19,552,240,38,84,1,-9,-11.248000
11,9,469,167,31,75,1,-5,-7.090000
11,15,320,205,31,86,1,-9,-6.100300
11,19,542,239,38,84,1,-9,-11.060000
12,9,463,168,31,75,1,-5,-7.004400
12,15,326,204,30,85,1,-9,-6.134600
12,19,532,238,37,84,1,-9,-10.855000
13,9,458,170,31,75,1,-5,-6.982100
13,15,332,203,30,85,1,-9,-6.208800
13,19,522,238,37,84,1,-9,-10.689000
14,9,451,171,31,75,1,-5,-6.876500
14,15,337,201,30,85,1,-9,-6.224800
14,19,511,237,36,84,1,-9,-10.482000
15,9,445,173,31,75,1,-5,-6.834200
15,15,342,200,30,84,1,-9,-6.240900
15,19,502,236,35,85,1,-9,-10.315000
16,9,438,174,31,75,1,-6,-6.729600
16,15,346,198,30,84,1,-9,-6.237900
16,19,492,236,35,85,1,-10,-10.148000
17,9,432,175,31,75,1,-6,-6.646400
17,11,715,283,37,111,1,-11,-14.853000
17,15,350,197,29,84,1,-9,-6.255700
17,19,482,235,34,85,1,-10,-9.955000
18,9,425,176,31,75,1,-6,-6.542700
18,11,711,282,36,111,1,-11,-14.786000
18,15,353,195,29,84,1,-8,-6.233300
18,19,473,234,34,85,1,-10,-9.777300
19,9,418,177,31,75,1,-6,-6.439500
19,11,706,280,36,110,1,-11,-14.680000
19,15,357,194,29,83,1,-8,-6.230300
19,19,463,233,33,85,1,-10,-9.564600
20,9,412,178,31,75,1,-6,-6.357500
20,11,700,278,36,110,1,-11,-14.571000
20,15,360,193,29,83,1,-8,-6.248300
20,19,454,232,32,85,1,-10,-9.384300
21,9,407,178,31,75,1,-6,-6.253500
21,11,694,276,36,109,1,-11,-14.449000
21,15,364,191,29,83,1,-8,-6.245300
21,19,444,231,32,84,1,-10,-9.157100
22,9,402,178,31,75,1,-6,-6.149400
22,11,688,274,35,109,1,-11,-14.323000
22,12,724,269,25,99,1,-10,-14.574000
22,15,367,190,28,82,1,-8,-6.222500
22,19,436,230,31,84,1,-10,-8.973800
23,9,398,178,31,75,1,-6,-6.066000
23,11,682,272,35,108,1,-11,-14.198000
23,12,720,267,25,99,1,-10,-14.489000
23,15,369,190,28,82,1,-8,-6.262000
23,19,428,229,31,84,1,-10,-8.806500
24,9,394,178,31,75,1,-6,-5.982600
24,11,676,270,35,107,1,-11,-14.071000
24,12,715,266,25,98,1,-10,-14.388000
24,15,371,189,28,82,1,-8,-6.260500
24,19,421,227,31,84,1,-10,-8.624900
25,9,390,178,31,75,1,-6,-5.899000
25,11,670,268,35,107,1,-11,-13.956000
25,12,709,264,25,98,1,-10,-14.272000
25,15,373,188,28,82,1,-8,-6.259100
25,19,416,225,31,83,1,-10,-8.445000
26,9,387,178,31,75,1,-6,-5.836300
26,11,664,266,34,106,1,-11,-13.826000
26,12,703,262,25,98,1,-10,-14.155000
26,15,375,188,28,81,1,-8,-6.257600
26,19,413,223,31,83,1,-9,-8.329300
27,9,385,178,31,75,1,-6,-5.794400
27,11,658,264,34,106,1,-11,-13.709000
27,12,697,260,25,97,1,-10,-14.022000
27,15,377,188,28,81,1,-8,-6.297400
27,19,411,221,30,83,1,-9,-8.230000
28,9,384,178,31,75,1,-6,-5.773500
28,11,652,262,34,105,1,-11,-13.576000
28,12,691,258,24,97,1,-10,-13.902000
28,15,378,188,28,81,1,-8,-6.317300
28,19,411,219,30,82,1,-9,-8.132800
29,9,383,178,31,75,1,-6,-5.752500
29,11,645,260,34,104,1,-10,-13.426000
29,12,685,256,24,96,1,-10,-13.765000
29,15,379,187,28,81,1,-7,-6.296000
29,19,411,217,30,82,1,-9,-8.067200
30,9,382,178,31,75,1,-6,-5.731600
30,11,639,258,33,104,1,-10,-13.290000
30,12,679,254,24,96,1,-10,-13.643000
30,15,381,187,28,80,1,-7,-6.294600
30,19,413,215,30,81,1,-9,-8.003700
31,9,382,178,31,75,1,-6,-5.731600
31,11,633,256,33,103,1,-10,-13.152000
31,12,674,252,24,96,1,-10,-13.534000
31,15,382,187,28,80,1,-7,-6.314600
31,19,414,213,30,81,1,-9,-7.954700
32,9,381,178,31,75,1,-6,-5.710600
32,11,627,254,33,103,1,-10,-13.028000
32,12,668,251,24,95,1,-10,-13.410000
32,15,384,187,28,80,1,-7,-6.354600
32,19,416,211,30,80,1,-9,-7.889500
33,9,381,179,31,75,1,-6,-5.755500
33,11,621,252,33,102,1,-10,-12.886000
33,12,662,249,24,95,1,-9,-13.284000
33,15,385,187,28,80,1,-7,-6.374600
33,19,418,209,30,80,1,-8,-7.857800
34,9,380,179,31,75,1,-6,-5.734600
34,11,615,250,32,102,1,-10,-12.760000
34,12,656,247,24,94,1,-9,-13.139000
34,15,387,186,28,80,1,-7,-6.373400
34,19,420,207,30,80,1,-8,-7.825800
35,9,380,179,31,75,1,-6,-5.734600
35,11,609,247,32,101,1,-10,-12.596000
35,12,650,245,24,94,1,-9,-13.010000
35,15,388,186,28,79,1,-7,-6.352100
35,19,422,205,30,79,1,-8,-7.758400
36,9,379,179,31,75,1,-6,-5.713700
36,11,603,245,32,100,1,-10,-12.448000
36,12,644,243,24,94,1,-9,-12.880000
36,15,389,186,28,79,1,-7,-6.372300
36,19,424,203,30,79,1,-8,-7.725400
37,9,379,180,31,75,1,-7,-5.758400
37,11,597,243,32,100,1,-10,-12.316000
37,12,638,241,24,93,1,-9,-12.730000
37,15,391,186,28,79,1,-7,-6.412400
37,19,426,201,29,78,1,-8,-7.637100
38,9,379,180,31,75,1,-7,-5.758400
38,11,591,241,31,99,1,-10,-12.149000
38,12,632,239,24,93,1,-9,-12.597000
38,15,392,186,28,79,1,-7,-6.432500
38,19,428,199,29,78,1,-8,-7.603100
39,9,378,180,31,75,1,-7,-5.737600
39,11,585,239,31,99,1,-10,-12.014000
39,12,626,237,24,92,1,-9,-12.443000
39,15,394,185,28,79,1,-7,-6.431500
39,19,430,197,29,78,1,-7,-7.568600
40,9,378,180,31,75,1,-7,-5.737600
40,11,579,237,31,98,1,-10,-11.858000
40,12,620,235,24,92,1,-9,-12.307000
40,15,395,185,28,78,1,-7,-6.410300
40,19,432,195,29,77,1,-7,-7.496800
41,9,377,180,31,75,1,-7,-5.716700
41,11,573,235,30,97,1,-10,-11.699000
41,12,614,234,24,91,1,-9,-12.169000
41,13,739,280,27,115,1,-11,-15.127000
41,15,396,185,28,78,1,-7,-6.430500
41,19,434,193,29,77,1,-7,-7.461300
42,9,377,181,31,75,1,-7,-5.761300
42,11,567,233,30,97,1,-9,-11.560000
42,12,609,232,24,91,1,-9,-12.047000
42,13,734,279,29,116,1,-11,-15.072000
42,15,397,185,28,78,1,-7,-6.450700
42,19,436,191,29,76,1,-7,-7.387600
43,9,376,181,31,75,1,-7,-5.740500
43,11,560,231,30,96,1,-9,-11.380000
43,12,603,230,24,91,1,-9,-11.906000
43,13,728,276,31,116,1,-11,-14.969000
43,15,397,185,28,78,1,-7,-6.450700
43,19,437,189,29,76,1,-7,-7.331100
44,9,376,181,31,75,1,-7,-5.740500
44,11,554,229,30,96,1,-9,-11.238000
44,12,597,228,24,90,1,-9,-11.743000
44,13,722,274,33,116,1,-11,-14.876000
44,15,398,185,28,78,1,-7,-6.470800
44,19,439,187,29,75,1,-6,-7.255200
45,9,375,181,31,75,1,-7,-5.719800
45,11,548,227,29,95,1,-9,-11.053000
45,12,591,226,24,90,1,-9,-11.599000
45,13,715,271,34,116,1,-11,-14.755000
45,15,398,184,28,79,1,-7,-6.470800
45,19,440,185,29,75,1,-6,-7.197100
46,9,375,181,31,75,1,-7,-5.719800
46,11,542,225,29,95,1,-9,-10.907000
46,12,585,224,24,89,1,-8,-11.430000
46,13,709,268,34,115,1,-11,-14.621000
46,15,398,184,28,79,1,-7,-6.470800
46,19,441,183,28,74,1,-6,-7.098600
47,9,375,181,31,75,1,-7,-5.719800
47,11,536,223,29,94,1,-9,-10.734000
47,12,580,223,24,89,1,-8,-11.323000
47,13,702,265,35,115,1,-11,-14.484000
47,15,398,184,28,79,1,-7,-6.470800
47,19,440,181,28,74,1,-6,-6.997800
48,9,375,181,31,75,1,-7,-5.719800
48,11,530,221,29,93,1,-9,-10.559000
48,12,574,221,24,89,1,-8,-11.174000
48,13,695,262,35,115,1,-11,-14.344000
48,15,399,184,28,79,1,-7,-6.491000
48,19,439,179,28,73,1,-6,-6.854600
49,9,374,182,31,75,1,-7,-5.743500
49,11,525,219,29,93,1,-9,-10.424000
49,12,569,219,24,88,1,-8,-11.017000
49,13,689,259,35,115,1,-11,-14.217000
49,15,399,184,28,79,1,-7,-6.491000
49,19,436,178,28,72,1,-6,-6.709000
50,9,374,181,31,75,1,-7,-5.699000
50,11,519,218,28,92,1,-9,-10.269000
50,12,564,218,24,88,1,-8,-10.907000
50,13,682,256,35,114,1,-10,-14.060000
50,15,399,184,28,79,1,-7,-6.491000
50,19,433,176,28,72,1,-6,-6.561500
51,9,374,181,31,75,1,-7,-5.699000
51,11,514,216,28,92,1,-9,-10.131000
51,12,559,216,24,87,1,-8,-10.746000
51,13,675,254,35,114,1,-10,-13.929000
51,15,399,184,28,79,1,-7,-6.491000
51,19,428,175,28,71,1,-5,-6.369600
52,9,374,181,31,75,1,-7,-5.699000
52,11,509,215,28,91,1,-9,-9.990700
52,12,554,215,24,87,1,-8,-10.633000
52,13,669,252,34,113,1,-10,-13.797000
52,15,399,184,28,79,1,-7,-6.491000
52,19,423,174,27,71,1,-5,-6.198200
53,9,374,181,31,75,1,-7,-5.699000
53,11,505,214,28,91,1,-9,-9.894000
53,12,549,213,24,87,1,-8,-10.494000
53,13,662,250,34,112,1,-10,-13.648000
53,15,400,184,28,80,1,-7,-6.552200
53,19,418,173,27,71,1,-5,-6.046900
54,9,374,181,31,75,1,-7,-5.699000
54,11,501,213,28,90,1,-9,-9.768900
54,12,544,212,24,86,1,-8,-10.353000
54,13,656,249,33,111,1,-10,-13.512000
54,15,400,183,28,80,1,-7,-6.511200
54,19,412,173,27,71,1,-5,-5.918400
55,9,374,181,31,75,1,-7,-5.699000
55,11,496,213,28,90,1,-9,-9.681300
55,12,538,210,24,86,1,-8,-10.193000
55,13,650,248,32,110,1,-10,-13.391000
55,15,400,183,28,80,1,-7,-6.511200
55,19,406,172,27,71,1,-5,-5.743700
56,9,373,181,31,75,1,-7,-5.678200
56,11,492,212,28,89,1,-9,-9.554200
56,12,533,209,24,85,1,-8,-10.049000
56,13,644,246,32,109,1,-10,-13.252000
56,15,400,183,28,80,1,-7,-6.511200
56,19,399,171,27,71,1,-5,-5.545900
57,9,373,181,31,75,1,-7,-5.678200
57,11,488,211,28,89,1,-8,-9.454700
57,12,528,207,24,85,1,-8,-9.903800
57,13,639,244,31,109,1,-10,-13.127000
57,15,400,183,28,80,1,-7,-6.511200
57,19,393,171,27,71,1,-5,-5.415800
58,9,373,181,31,75,1,-7,-5.678200
58,11,484,210,28,88,1,-8,-9.325200
58,12,523,205,24,85,1,-8,-9.756400
58,13,634,242,31,108,1,-10,-13.000000
58,15,401,183,28,80,1,-7,-6.531400
58,19,386,170,26,71,1,-5,-5.215600
59,9,373,181,31,75,1,-7,-5.678200
59,11,480,209,28,87,1,-8,-9.194300
59,12,518,204,24,84,1,-8,-9.607300
59,13,629,240,31,107,1,-10,-12.871000
59,15,401,183,28,80,1,-7,-6.531400
59,19,379,170,26,70,1,-5,-5.013700
60,9,373,181,31,76,1,-7,-5.722800
60,11,477,208,27,87,1,-8,-9.092200
60,12,514,202,24,84,1,-7,-9.474800
60,13,624,237,31,106,1,-10,-12.722000
60,15,401,183,28,80,1,-7,-6.531400
60,19,371,169,26,70,1,-5,-4.787900
61,9,373,181,31,76,1,-7,-5.722800
61,11,473,207,27,86,1,-8,-8.958800
61,12,509,201,24,83,1,-7,-9.322300
61,13,619,235,30,106,1,-10,-12.607000
61,15,401,183,28,81,1,-7,-6.572300
61,19,363,169,26,70,1,-5,-4.611000
62,9,373,181,31,76,1,-7,-5.722800
62,11,471,206,27,86,1,-8,-8.891500
62,12,506,200,24,83,1,-7,-9.236100
62,13,615,232,30,105,1,-9,-12.469000
62,15,401,183,28,81,1,-7,-6.572300
62,19,355,169,26,70,1,-6,-4.433600
63,9,373,181,31,76,1,-7,-5.722800
63,11,468,204,27,85,1,-8,-8.742200
63,12,503,198,24,83,1,-7,-9.118100
63,13,611,230,30,104,1,-9,-12.348000
63,15,402,182,28,81,1,-7,-6.551500
63,19,348,169,25,69,1,-6,-4.203500
64,9,372,181,31,76,1,-7,-5.702000
64,11,465,202,27,85,1,-8,-8.622800
64,12,500,197,24,82,1,-7,-8.998600
64,13,608,227,30,103,1,-9,-12.221000
64,15,402,182,28,81,1,-7,-6.551500
64,19,341,169,25,69,1,-6,-4.046900
65,9,372,181,31,76,1,-7,-5.702000
65,11,462,201,27,84,1,-8,-8.502100
65,12,497,196,24,82,1,-7,-8.910100
65,13,605,225,30,103,1,-9,-12.133000
65,15,402,182,28,81,1,-7,-6.551500
65,19,334,169,25,69,1,-6,-3.889900
66,9,372,181,31,76,1,-7,-5.702000
66,11,458,199,27,84,1,-8,-8.361200
66,12,494,195,24,81,1,-7,-8.788400
66,13,602,222,29,102,1,-9,-11.986000
66,15,402,182,28,81,1,-7,-6.551500
66,19,327,169,25,68,1,-6,-3.678300
67,9,372,181,31,76,1,-7,-5.702000
67,11,455,198,27,83,1,-8,-8.237400
67,12,491,193,24,81,1,-7,-8.665200
67,13,600,220,29,101,1,-9,-11.890000
67,15,402,182,28,81,1,-7,-6.551500
67,19,320,169,25,68,1,-6,-3.519900
68,9,372,181,31,76,1,-7,-5.702000
68,11,452,196,27,83,1,-8,-8.112200
68,12,488,192,24,81,1,-7,-8.574300
68,13,597,218,29,101,1,-9,-11.797000
68,15,403,182,28,81,1,-7,-6.571700
68,19,313,169,24,68,1,-6,-3.361100
69,9,372,181,31,76,1,-7,-5.702000
69,11,449,195,27,82,1,-7,-7.985500
69,12,486,191,24,80,1,-7,-8.468000
69,13,595,215,29,100,1,-8,-11.677000
69,15,403,182,28,82,1,-7,-6.612500
69,19,306,169,24,68,1,-6,-3.201800
70,9,372,181,31,76,1,-7,-5.702000
70,11,447,193,27,82,1,-7,-7.876400
70,12,484,190,24,80,1,-7,-8.395000
70,13,592,213,29,99,1,-8,-11.560000
70,15,403,182,28,82,1,-7,-6.612500
70,19,300,169,24,67,1,-6,-3.008100
71,9,372,181,31,76,1,-7,-5.702000
71,11,445,191,26,81,1,-7,-7.729800
71,12,483,189,24,79,1,-7,-8.306100
71,13,591,211,28,99,1,-8,-11.498000
71,15,403,182,28,82,1,-7,-6.612500
71,19,293,170,24,67,1,-6,-2.904900
72,9,371,181,31,76,1,-7,-5.681300
72,11,444,190,26,81,1,-7,-7.673900
72,12,482,187,24,79,1,-6,-8.216200
72,13,589,209,28,98,1,-8,-11.394000
72,15,403,182,28,82,1,-7,-6.612500
72,19,286,170,24,67,1,-6,-2.744400
73,9,371,181,31,76,1,-7,-5.681300
73,11,444,188,26,80,1,-7,-7.563000
73,12,482,186,24,78,1,-6,-8.144900
73,13,587,207,28,97,1,-8,-11.290000
73,15,404,181,28,82,1,-7,-6.591800
73,19,280,170,24,67,1,-6,-2.606500
74,9,371,181,30,76,1,-7,-5.681300
74,11,443,187,26,80,1,-7,-7.505900
74,12,482,185,24,78,1,-6,-8.109000
74,13,585,205,28,97,1,-8,-11.207000
74,15,404,181,28,82,1,-7,-6.591800
74,19,274,170,24,67,1,-6,-2.468300
75,9,372,181,30,76,1,-7,-5.702000
75,11,443,185,26,79,1,-7,-7.392200
75,12,481,183,24,78,1,-6,-8.016500
75,13,584,203,28,96,1,-8,-11.117000
75,15,404,181,28,82,1,-7,-6.591800
75,19,270,171,24,67,1,-6,-2.434900
76,9,372,181,30,76,1,-7,-5.702000
76,11,443,183,26,79,1,-6,-7.315300
76,12,480,182,24,77,1,-6,-7.922900
76,13,582,201,27,96,1,-8,-11.015000
76,15,404,181,28,83,1,-7,-6.632600
76,19,266,171,24,67,1,-6,-2.342800
77,9,372,181,30,76,1,-7,-5.702000
77,11,443,182,26,78,1,-6,-7.237500
77,12,479,180,24,77,1,-6,-7.828200
77,13,580,199,27,95,1,-7,-10.905000
77,15,404,181,28,83,1,-7,-6.632600
77,19,264,172,24,67,1,-6,-2.355800
78,9,372,181,30,76,1,-7,-5.702000
78,11,444,180,26,78,1,-6,-7.179000
78,12,478,178,24,76,1,-6,-7.694200
78,13,579,196,27,94,1,-7,-10.784000
78,15,404,181,28,83,1,-7,-6.632600
78,19,263,173,24,68,1,-7,-2.450200
79,9,372,180,30,76,1,-7,-5.657400
79,11,445,179,26,77,1,-6,-7.119800
79,12,477,177,23,76,1,-6,-7.614800
79,13,577,194,27,94,1,-7,-10.696000
79,15,405,181,28,83,1,-7,-6.652700
79,19,263,174,24,68,1,-7,-2.508300
80,9,372,180,30,76,1,-7,-5.657400
80,11,446,177,25,77,1,-6,-7.039400
80,12,477,175,23,76,1,-5,-7.537000
80,13,575,192,27,93,1,-7,-10.580000
80,15,405,181,28,83,1,-7,-6.652700
80,19,263,175,24,68,1,-7,-2.566000
81,9,373,180,30,76,1,-7,-5.678200
81,11,447,175,25,76,1,-6,-6.937700
81,12,477,174,23,75,1,-5,-7.458300
81,13,574,190,26,92,1,-7,-10.481000
81,15,405,181,28,83,1,-7,-6.652700
81,19,264,175,24,69,1,-7,-2.645900
82,9,373,180,30,76,1,-7,-5.678200
82,11,449,174,25,76,1,-6,-6.938100
82,12,478,173,23,75,1,-5,-7.439400
82,13,572,188,26,92,1,-7,-10.389000
82,15,405,181,28,83,1,-7,-6.652700
82,19,266,176,24,69,1,-7,-2.747800
83,9,373,180,30,76,1,-7,-5.678200
83,11,450,172,25,76,1,-5,-6.876100
83,12,479,172,23,75,1,-5,-7.420300
83,13,571,186,26,91,1,-6,-10.286000
83,15,405,181,27,83,1,-7,-6.632600
83,19,268,177,24,69,1,-7,-2.848900
84,9,373,180,30,77,1,-7,-5.722800
84,11,452,171,25,75,1,-5,-6.834300
84,12,480,171,23,74,1,-5,-7.360900
84,13,569,184,26,91,1,-6,-10.192000
84,15,405,181,27,83,1,-7,-6.632600
84,19,271,178,24,70,1,-7,-3.026900
85,9,373,180,30,77,1,-7,-5.722800
85,11,453,169,25,75,1,-5,-6.770900
85,12,481,170,23,74,1,-5,-7.341400
85,13,568,182,26,90,1,-6,-10.086000
85,15,405,181,27,83,1,-7,-6.632600
85,19,274,179,24,70,1,-7,-3.148000
86,9,373,180,30,77,1,-7,-5.722800
86,11,455,167,24,74,1,-5,-6.685100
86,12,482,168,23,73,1,-5,-7.239800
86,13,568,180,25,89,1,-6,-9.978600
86,15,405,181,27,83,1,-7,-6.632600
86,19,277,180,24,71,1,-7,-3.322000
87,9,374,179,30,77,1,-7,-5.699000
87,11,457,166,24,74,1,-5,-6.684700
87,12,484,167,23,73,1,-4,-7.241100
87,13,568,178,25,89,1,-6,-9.918700
87,15,405,181,27,83,1,-7,-6.632600
87,19,281,182,24,71,1,-7,-3.515400
88,9,374,179,30,77,1,-7,-5.699000
88,11,459,165,24,74,1,-5,-6.684400
88,12,486,166,23,73,1,-4,-7.242400
88,13,569,176,25,88,1,-5,-9.847000
88,15,406,181,27,83,1,-7,-6.652700
88,19,285,183,24,71,1,-7,-3.654200
89,9,374,179,30,77,1,-7,-5.699000
89,11,462,163,24,73,1,-4,-6.618100
89,12,488,165,23,73,1,-4,-7.243700
89,13,570,174,25,88,1,-5,-9.805000
89,15,407,181,27,83,1,-7,-6.672800
89,19,289,184,24,72,1,-7,-3.843200
90,9,375,179,30,77,1,-7,-5.719800
90,11,464,162,24,73,1,-4,-6.617600
90,12,490,164,23,72,1,-4,-7.203100
90,13,572,173,25,87,1,-5,-9.782200
90,15,408,181,27,83,1,-7,-6.692900
90,19,294,185,24,72,1,-7,-4.000700
91,9,376,179,30,77,1,-7,-5.740500
91,11,467,161,24,72,1,-4,-6.594500
91,12,492,163,23,72,1,-4,-7.204300
91,13,573,171,25,86,1,-5,-9.707900
91,15,408,180,27,83,1,-7,-6.652300
91,19,298,187,24,72,1,-8,-4.185200
92,9,377,179,30,77,1,-7,-5.761300
92,11,470,160,24,72,1,-4,-6.615900
92,12,495,162,23,72,1,-4,-7.227200
92,13,575,169,25,86,1,-5,-9.684200
92,15,409,180,27,82,1,-7,-6.631600
92,19,302,188,24,73,1,-8,-4.367400
93,9,378,179,30,77,1,-7,-5.782100
93,11,472,158,23,72,1,-4,-6.548400
93,12,497,161,23,72,1,-4,-7.228500
93,13,577,168,24,85,1,-5,-9.660300
93,15,410,180,26,82,1,-7,-6.651800
93,19,307,189,24,73,1,-8,-4.520000
94,9,379,179,29,77,1,-7,-5.782100
94,11,475,157,23,71,1,-3,-6.524600
94,12,500,160,23,71,1,-4,-7.209100
94,13,579,166,24,85,1,-4,-9.636100
94,15,411,180,26,82,1,-7,-6.672000
94,19,311,191,24,74,1,-8,-4.744900
95,9,380,179,29,77,1,-7,-5.802900
95,11,478,156,23,71,1,-3,-6.546100
95,12,502,159,23,71,1,-3,-7.210400
95,13,581,164,24,84,1,-4,-9.578900
95,15,412,180,26,82,1,-7,-6.692200
95,19,316,192,24,74,1,-8,-4.894100
96,9,380,179,29,77,1,-7,-5.802900
96,11,480,155,23,70,1,-3,-6.499600
96,12,505,157,23,71,1,-3,-7.190800
96,13,583,163,24,83,1,-4,-9.553800
96,15,413,179,26,82,1,-7,-6.671600
96,19,322,193,24,74,1,-8,-5.062600
97,9,380,178,29,77,1,-7,-5.758400
97,11,483,153,23,70,1,-3,-6.475100
97,12,507,155,23,71,1,-3,-7.148600
97,13,585,161,24,83,1,-4,-9.528500
97,15,414,179,26,82,1,-7,-6.691900
97,19,328,194,25,75,1,-8,-5.274400
98,9,380,178,29,77,1,-7,-5.758400
98,11,486,152,23,70,1,-3,-6.496800
98,12,510,154,23,70,1,-3,-7.128400
98,13,586,159,24,82,1,-4,-9.448300
98,15,415,179,26,82,1,-7,-6.712100
98,19,335,195,25,75,1,-8,-5.459700
99,9,380,178,29,77,1,-7,-5.758400
99,11,489,151,22,69,1,-3,-6.472100
99,12,513,152,23,70,1,-3,-7.107900
99,13,589,157,24,82,1,-3,-9.442900
99,15,416,179,26,82,1,-7,-6.732300
99,19,342,196,25,75,1,-8,-5.643500
100,9,380,178,28,77,1,-7,-5.758400
100,11,492,150,22,69,1,-3,-6.494000
100,12,517,150,23,70,1,-2,-7.109900
100,13,591,156,23,81,1,-3,-9.395300
100,15,417,179,26,82,1,-7,-6.752500
100,19,349,197,25,76,1,-8,-5.868100
101,9,380,178,28,77,1,-7,-5.758400
101,11,495,149,22,69,1,-2,-6.516100
101,12,520,149,22,70,1,-2,-7.133600
101,13,593,154,23,80,1,-3,-9.333400
101,15,418,178,26,82,1,-7,-6.732100
101,19,357,197,25,76,1,-8,-6.026500
102,9,380,177,28,77,1,-6,-5.713700
102,11,498,147,22,69,1,-2,-6.491200
102,12,524,148,22,70,1,-2,-7.180400
102,13,596,152,23,80,1,-3,-9.327300
102,15,419,178,26,82,1,-7,-6.752400
102,19,364,198,25,76,1,-8,-6.205900
103,9,379,177,28,77,1,-6,-5.692800
103,11,501,146,22,69,1,-2,-6.513500
103,12,528,147,22,69,1,-2,-7.182800
103,13,599,151,23,79,1,-2,-9.321100
103,15,420,178,26,82,1,-7,-6.772600
103,19,372,199,25,77,1,-8,-6.443600
104,9,379,177,28,77,1,-6,-5.692800
104,11,504,145,22,69,1,-2,-6.535900
104,12,531,146,22,69,1,-2,-7.207100
104,13,602,149,23,79,1,-2,-9.314800
104,15,421,178,25,82,1,-7,-6.772600
104,19,379,200,25,77,1,-8,-6.619500
105,9,379,177,28,77,1,-6,-5.692800
105,11,507,144,21,69,1,-2,-6.535000
105,12,534,145,22,69,1,-2,-7.231500
105,13,605,147,23,78,1,-2,-9.272300
105,15,422,178,25,82,1,-7,-6.792900
105,19,386,201,25,77,1,-8,-6.794100
106,9,378,176,27,78,1,-6,-5.651000
106,11,510,143,21,68,1,-2,-6.509900
106,12,537,145,22,69,1,-2,-7.300800
106,13,608,146,23,77,1,-2,-9.265700
106,15,423,177,25,82,1,-6,-6.772500
106,19,394,202,25,78,1,-8,-7.024500
107,9,377,176,27,78,1,-6,-5.630000
107,11,513,142,21,68,1,-1,-6.532600
107,12,540,144,22,68,1,-1,-7.280900
107,13,611,144,22,77,1,-2,-9.258900
107,15,423,177,25,82,1,-6,-6.772500
107,19,401,203,25,78,1,-8,-7.195700
108,9,376,176,27,78,1,-6,-5.609100
108,11,517,141,21,68,1,-1,-6.579000
108,12,543,144,22,68,1,-1,-7.350600
108,13,614,143,22,76,1,-1,-9.252100
108,15,423,177,25,82,1,-6,-6.772500
108,19,409,204,25,78,1,-8,-7.384700
109,9,375,176,27,78,1,-7,-5.588200
109,11,520,139,21,68,1,-1,-6.553900
109,12,546,143,22,68,1,-1,-7.375700
109,13,617,141,22,76,1,-1,-9.245200
109,15,423,177,25,82,1,-6,-6.772500
109,19,416,204,25,79,1,-8,-7.553300
110,9,374,176,27,78,1,-7,-5.567200
110,11,523,138,21,68,1,-1,-6.577000
110,12,549,143,22,68,1,-1,-7.445500
110,13,620,140,22,75,1,-1,-9.238200
110,15,422,178,25,82,1,-7,-6.792900
110,19,424,205,25,79,1,-8,-7.739600
111,9,373,176,27,78,1,-7,-5.546300
111,11,526,138,21,67,1,-1,-6.600200
111,12,552,142,22,67,1,-1,-7.426400
111,13,623,139,22,75,1,-1,-9.268800
111,15,422,178,25,82,1,-7,-6.792900
111,19,432,205,25,79,1,-8,-7.889700
112,9,372,177,27,78,1,-7,-5.570700
112,11,529,137,21,67,1,-1,-6.623600
112,12,555,141,22,67,1,-1,-7.452000
112,13,626,138,22,75,1,-1,-9.299500
112,15,421,178,25,82,1,-7,-6.772600
112,19,440,206,25,79,1,-8,-8.073900
113,9,372,178,26,78,1,-7,-5.615800
113,11,532,136,21,67,1,-1,-6.647200
113,12,558,140,22,67,1,-1,-7.477700
113,13,629,137,22,74,1,0,-9.292800
113,15,421,178,25,82,1,-7,-6.772600
113,19,447,207,25,80,1,-8,-8.271500
114,9,373,178,26,78,1,-7,-5.636600
114,11,535,135,21,67,1,0,-6.670900
114,12,561,139,22,67,1,-1,-7.503700
114,13,632,136,22,74,1,0,-9.324000
114,15,420,178,24,82,1,-7,-6.752400
114,19,455,207,25,80,1,-8,-8.419600
115,9,373,179,26,78,1,-7,-5.681300
115,11,538,134,21,66,1,0,-6.645800
115,12,564,138,22,67,1,0,-7.529700
115,13,635,136,22,74,1,0,-9.392900
115,15,420,178,24,82,1,-7,-6.752400
115,19,464,208,25,80,1,-8,-8.618300
116,9,374,179,26,78,1,-7,-5.702000
116,11,541,134,21,66,1,0,-6.718800
116,12,567,137,22,66,1,0,-7.510800
116,13,638,135,22,73,1,0,-9.386900
116,15,420,178,24,82,1,-7,-6.752400
116,16,733,223,29,89,1,-7,-13.930000
116,19,472,209,25,81,1,-8,-8.828800
117,9,375,179,26,78,1,-7,-5.722800
117,11,544,133,21,66,1,0,-6.743000
117,12,570,136,21,66,1,0,-7.513200
117,13,641,134,22,73,1,0,-9.418600
117,15,419,178,24,82,1,-7,-6.732100
117,16,727,222,31,89,1,-7,-13.830000
117,19,481,209,25,81,1,-8,-8.993100
118,9,375,180,26,78,1,-7,-5.767100
118,11,547,132,21,66,1,0,-6.767300
118,12,573,135,21,66,1,0,-7.539700
118,13,644,133,22,72,1,0,-9.412600
118,15,419,178,24,82,1,-7,-6.732100
118,16,719,220,34,90,1,-7,-13.712000
118,19,490,210,25,81,1,-8,-9.187600
119,9,376,180,25,78,1,-7,-5.767100
119,11,550,131,21,65,1,0,-6.742600
119,12,576,134,21,66,1,0,-7.566300
119,13,647,132,22,72,1,0,-9.444800
119,15,419,178,24,82,1,-7,-6.732100
119,16,709,219,37,90,1,-7,-13.543000
119,19,499,211,25,82,1,-8,-9.410400
120,9,377,180,25,78,1,-7,-5.787800
120,11,553,130,21,65,1,0,-6.767100
120,12,579,133,21,65,1,0,-7.547300
120,13,650,131,22,72,1,0,-9.477200
120,15,419,178,24,82,1,-7,-6.732100
120,16,698,217,39,91,1,-7,-13.356000
120,19,508,212,25,82,1,-8,-9.601600
121,9,378,181,25,78,1,-7,-5.852400
121,11,556,130,21,65,1,0,-6.841300
121,12,582,133,21,65,1,0,-7.620200
121,13,653,130,22,71,1,0,-9.471600
121,15,419,178,25,82,1,-7,-6.732100
121,16,687,215,40,90,1,-7,-13.131000
121,19,516,213,25,83,1,-8,-9.801900
122,9,378,181,25,78,1,-7,-5.852400
122,11,559,129,21,64,1,0,-6.816800
122,12,585,132,21,65,1,0,-7.647400
122,13,656,129,22,71,1,0,-9.504400
122,15,419,179,25,82,1,-7,-6.772800
122,16,676,213,40,90,1,-7,-12.904000
122,19,525,213,25,83,1,-8,-9.962300
123,9,379,181,25,78,1,-7,-5.872900
123,11,561,128,21,64,1,0,-6.817000
123,12,588,131,21,65,1,0,-7.674800
123,13,659,129,22,71,1,0,-9.575700
123,15,419,179,25,82,1,-7,-6.772800
123,16,665,211,39,90,1,-7,-12.658000
123,19,533,214,26,84,1,-8,-10.177000
124,9,380,182,25,78,1,-7,-5.937000
124,11,564,127,22,64,1,0,-6.867200
124,12,591,130,21,64,1,0,-7.656300
124,13,662,128,22,70,1,0,-9.570700
124,15,419,179,25,82,1,-7,-6.772800
124,16,655,210,39,89,1,-7,-12.443000
124,19,542,215,26,84,1,-8,-10.362000
125,9,380,182,25,78,1,-7,-5.937000
125,11,567,126,22,64,1,0,-6.892600
125,12,594,129,21,64,1,0,-7.684000
125,13,665,127,22,70,1,0,-9.604200
125,15,419,179,25,82,1,-7,-6.772800
125,16,644,208,38,89,1,-7,-12.209000
125,19,550,216,26,85,1,-8,-10.555000
126,9,381,182,25,79,1,-7,-6.000700
126,11,570,126,22,63,1,0,-6.918200
126,12,597,128,21,64,1,0,-7.711900
126,13,668,126,22,69,1,1,-9.599400
126,15,419,179,25,82,1,-7,-6.772800
126,16,635,207,38,88,1,-7,-12.007000
126,19,559,217,26,85,1,-8,-10.738000
127,9,381,183,25,79,1,-7,-6.043700
127,11,573,125,22,63,1,1,-6.944000
127,12,600,128,21,64,1,0,-7.786100
127,13,671,125,22,69,1,1,-9.633400
127,15,419,179,25,82,1,-7,-6.772800
127,16,626,206,37,88,1,-7,-11.808000
127,19,567,218,26,85,1,-8,-10.902000
128,9,382,183,25,79,1,-7,-6.064000
128,11,576,124,22,63,1,1,-6.969900
128,12,602,127,21,63,1,1,-7.743300
128,13,674,124,22,69,1,1,-9.667600
128,15,419,179,25,82,1,-7,-6.772800
128,16,617,205,37,87,1,-7,-11.602000
128,19,576,219,27,86,1,-8,-11.107000
129,9,382,184,25,79,1,-7,-6.106600
129,11,579,123,22,63,1,1,-6.996100
129,12,605,126,21,63,1,1,-7.771700
129,13,677,123,22,68,1,1,-9.663200
129,15,419,179,25,82,1,-7,-6.772800
129,16,609,204,36,87,1,-7,-11.436000
129,19,584,220,27,86,1,-8,-11.268000
130,9,382,184,25,79,1,-7,-6.106600
130,11,582,122,22,62,1,1,-6.972000
130,12,607,126,21,63,1,1,-7.821700
130,13,680,122,22,68,1,1,-9.697900
130,15,419,179,25,82,1,-7,-6.772800
130,16,601,202,36,86,1,-7,-11.219000
130,19,593,220,27,87,1,-8,-11.446000
131,9,382,185,25,80,1,-7,-6.191100
131,11,585,122,22,62,1,1,-7.048900
131,12,610,125,20,63,1,1,-7.850500
131,13,683,121,22,68,1,2,-9.732800
131,15,419,179,25,82,1,-7,-6.772800
131,16,594,201,35,86,1,-7,-11.050000
131,19,601,221,27,87,1,-8,-11.605000
132,9,383,185,25,80,1,-7,-6.211200
132,11,588,121,22,62,1,1,-7.075500
132,12,612,124,20,62,1,1,-7.807500
132,13,686,121,22,67,1,2,-9.768000
132,15,419,180,25,82,1,-7,-6.813200
132,16,587,200,35,85,1,-7,-10.872000
132,19,610,222,27,88,1,-8,-11.803000
133,9,383,186,25,80,1,-7,-6.253000
133,11,591,120,22,61,1,2,-7.051800
133,12,615,124,20,62,1,1,-7.883300
133,13,689,120,22,67,1,2,-9.803400
133,15,419,180,25,82,1,-7,-6.813200
133,16,579,199,34,85,1,-7,-10.700000
133,17,740,256,25,94,1,-9,-14.575000
133,19,618,223,28,88,1,-8,-11.977000
134,9,383,186,26,80,1,-7,-6.273100
134,11,594,119,22,61,1,2,-7.078800
134,12,617,123,20,62,1,1,-7.887200
134,13,691,119,22,67,1,2,-9.814100
134,15,419,180,25,82,1,-7,-6.813200
134,16,572,197,34,84,1,-7,-10.490000
134,17,734,255,28,95,1,-9,-14.514000
134,19,627,224,28,88,1,-8,-12.150000
135,9,383,187,26,80,1,-7,-6.314600
135,11,597,119,22,61,1,2,-7.156700
135,12,619,122,20,62,1,2,-7.891200
135,13,694,118,22,67,1,2,-9.850000
135,15,419,180,25,82,1,-7,-6.813200
135,16,565,196,33,84,1,-7,-10.315000
135,17,727,253,31,95,1,-9,-14.394000
135,19,635,224,28,88,1,-8,-12.285000
136,9,384,187,26,81,1,-7,-6.375800
136,11,600,118,22,61,1,2,-7.184200
136,12,622,122,20,61,1,2,-7.920700
136,13,696,118,21,67,1,2,-9.875000
136,15,419,180,25,82,1,-7,-6.813200
136,16,558,195,33,83,1,-7,-10.128000
136,17,719,252,32,95,1,-9,-14.273000
136,19,644,225,28,88,1,-8,-12.457000
137,9,384,188,26,81,1,-7,-6.416800
137,11,602,117,22,61,1,2,-7.185700
137,12,624,121,20,61,1,2,-7.924800
137,13,699,117,21,67,1,2,-9.911200
137,15,420,180,25,82,1,-7,-6.833300
137,16,550,194,32,83,1,-7,-9.949700
137,17,710,250,33,95,1,-9,-14.105000
137,19,653,225,29,88,1,-8,-12.607000
138,9,384,188,26,81,1,-7,-6.416800
138,11,605,116,22,60,1,2,-7.162400
138,12,627,120,20,61,1,2,-7.954700
138,13,701,116,20,66,1,3,-9.883300
138,15,420,181,25,82,1,-7,-6.873400
138,16,543,192,32,82,1,-6,-9.729000
138,17,701,249,34,95,1,-9,-13.966000
138,19,661,226,29,87,1,-8,-12.742000
139,9,384,189,26,81,1,-8,-6.457500
139,11,607,116,22,60,1,2,-7.215100
139,12,629,120,20,61,1,2,-8.006100
139,13,703,115,20,66,1,3,-9.894500
139,15,421,181,25,82,1,-7,-6.893500
139,16,535,191,31,82,1,-6,-9.528000
139,17,692,247,34,94,1,-9,-13.780000
139,19,670,226,29,87,1,-8,-12.892000
140,9,385,189,26,81,1,-8,-6.477300
140,11,610,115,22,60,1,3,-7.243100
140,12,631,119,20,60,1,2,-7.963300
140,13,706,115,20,66,1,3,-9.970600
140,15,422,181,25,82,1,-7,-6.913600
140,16,527,190,31,81,1,-6,-9.313100
140,17,683,245,34,94,1,-9,-13.607000
140,19,679,227,29,87,1,-8,-13.062000
141,9,385,190,27,81,1,-8,-6.517700
141,11,612,114,21,60,1,3,-7.218300
141,12,634,118,20,60,1,2,-7.993600
141,13,707,114,19,66,1,3,-9.931300
141,15,423,182,25,82,1,-7,-6.973300
141,16,519,188,30,81,1,-6,-9.095400
141,17,674,244,34,93,1,-9,-13.433000
141,19,687,227,30,87,1,-8,-13.212000
142,9,385,190,27,82,1,-8,-6.557900
142,11,614,114,21,60,1,3,-7.271400
142,12,636,118,20,60,1,2,-8.045600
142,13,709,114,19,66,1,3,-9.982200
142,15,423,182,25,82,1,-7,-6.973300
142,16,510,187,30,80,1,-6,-8.855500
142,17,664,242,34,93,1,-9,-13.241000
142,19,696,228,30,86,1,-8,-13.362000
143,9,385,191,27,82,1,-8,-6.597800
143,11,617,113,21,60,1,3,-7.299900
143,12,639,117,20,59,1,3,-8.028800
143,13,710,113,18,66,1,3,-9.968400
143,15,424,182,25,82,1,-7,-6.993300
143,16,502,186,29,80,1,-6,-8.646500
143,17,655,241,34,92,1,-9,-13.063000
143,19,705,228,30,86,1,-8,-13.512000
144,9,386,191,27,82,1,-8,-6.617400
144,11,619,112,21,60,1,3,-7.301800
144,12,641,117,20,59,1,3,-8.081100
144,13,710,112,18,66,1,3,-9.928800
144,15,425,183,26,82,1,-7,-7.072600
144,16,494,185,29,79,1,-6,-8.420700
144,17,646,239,34,92,1,-9,-12.883000
144,19,713,229,30,86,1,-8,-13.663000
145,9,386,192,27,82,1,-8,-6.657100
145,11,622,112,21,60,1,3,-7.382000
145,12,643,116,20,59,1,3,-8.085900
145,13,711,112,18,66,1,3,-9.954500
145,15,426,183,26,82,1,-7,-7.092500
145,16,486,183,28,79,1,-6,-8.191800
145,17,637,237,34,91,1,-9,-12.683000
145,19,721,229,31,86,1,-7,-13.796000
146,9,386,192,27,82,1,-8,-6.657100
146,11,624,111,21,59,1,3,-7.332800
146,12,646,115,19,59,1,3,-8.090800
146,13,711,112,17,66,1,3,-9.928800
146,15,427,184,26,82,1,-7,-7.151300
146,16,477,182,28,79,1,-6,-7.976700
146,17,627,236,35,91,1,-9,-12.502000
146,19,727,230,31,86,1,-7,-13.912000
147,9,387,193,27,83,1,-8,-6.755100
147,11,627,110,21,59,1,4,-7.361900
147,12,648,115,19,58,0,3,-8.095700
147,13,711,111,17,66,1,3,-9.889000
147,15,429,185,27,82,1,-7,-7.229500
147,16,469,181,28,78,1,-6,-7.742300
147,17,618,234,35,90,1,-9,-12.296000
147,19,731,230,31,85,1,-7,-13.962000
148,9,388,193,27,83,1,-8,-6.774500
148,11,629,110,21,59,1,4,-7.415900
148,12,651,114,19,58,0,3,-8.127200
148,13,711,111,17,66,1,3,-9.889000
148,15,430,187,27,83,1,-7,-7.363400
148,16,460,180,28,78,1,-6,-7.523000
148,17,609,233,35,90,1,-9,-12.129000
149,9,390,194,28,83,1,-8,-6.871500
149,11,631,109,21,59,1,4,-7.418400
149,12,653,113,19,58,0,4,-8.132300
149,13,711,111,17,66,1,3,-9.889000
149,15,432,188,28,83,1,-7,-7.459600
149,16,452,180,28,78,1,-6,-7.361300
149,17,600,231,35,89,1,-9,-11.918000
150,9,393,195,28,83,1,-8,-6.967700
150,11,634,108,21,59,1,4,-7.448000
150,12,655,113,19,58,0,4,-8.185600
150,13,710,111,18,66,1,3,-9.889000
150,15,433,190,29,83,1,-7,-7.553200
150,16,443,179,28,77,1,-6,-7.099400
150,17,590,230,35,89,1,-9,-11.731000
151,9,396,197,28,83,1,-8,-7.101100
151,11,636,108,20,59,1,4,-7.502400
151,12,658,112,19,57,0,4,-8.169500
151,13,709,111,18,66,1,3,-9.863200
151,15,435,191,30,83,1,-7,-7.647800
151,16,434,178,28,77,1,-6,-6.874800
151,17,581,228,35,88,1,-9,-11.515000
152,9,400,198,28,84,1,-8,-7.251800
152,11,638,107,20,59,1,4,-7.505200
152,12,660,111,19,57,0,4,-8.174800
152,13,707,112,18,66,1,3,-9.851900
152,15,437,193,30,83,1,-7,-7.758700
152,16,426,177,28,77,1,-6,-6.668900
152,17,573,227,35,88,1,-9,-11.358000
153,9,403,199,28,84,1,-8,-7.345400
153,11,640,107,20,59,1,4,-7.559800
153,12,663,111,19,57,0,4,-8.255600
153,13,705,112,18,66,1,3,-9.800500
153,15,439,194,31,84,1,-8,-7.868200
153,16,417,177,28,77,1,-6,-6.482900
153,17,564,226,35,88,1,-9,-11.184000
154,9,407,201,28,84,1,-8,-7.493300
154,11,642,106,20,58,0,4,-7.510900
154,12,665,110,19,57,0,4,-8.261300
154,13,702,112,19,66,1,3,-9.723500
154,15,441,196,31,84,1,-8,-7.976500
154,16,408,176,28,76,1,-6,-6.210200
154,17,556,225,35,87,1,-9,-11.001000
155,9,411,202,29,84,1,-8,-7.604000
155,11,644,106,20,58,0,4,-7.565900
155,12,667,109,19,56,0,5,-8.218300
155,13,699,113,19,66,1,3,-9.687200
155,15,444,197,32,84,1,-8,-8.086700
155,16,400,175,28,76,1,-6,-5.998900
155,17,549,224,35,87,1,-9,-10.858000
156,9,415,203,29,84,1,-8,-7.714000
156,11,646,106,20,58,0,5,-7.620900
156,12,670,109,19,56,0,5,-8.300000
156,13,695,114,20,66,1,3,-9.651100
156,15,447,198,32,84,1,-8,-8.177500
156,16,391,174,28,76,1,-6,-5.764700
156,17,541,224,35,87,1,-9,-10.722000
157,9,418,204,29,84,1,-8,-7.804700
157,11,648,105,20,58,0,5,-7.624200
157,12,672,108,19,56,0,5,-8.306000
157,13,690,114,20,67,1,3,-9.564400
157,15,451,198,33,84,1,-8,-8.252600
157,16,383,174,28,76,1,-6,-5.595600
157,17,534,223,35,87,1,-9,-10.578000
158,9,422,206,29,85,1,-9,-7.981600
158,11,650,105,20,58,0,5,-7.679300
158,12,674,108,19,56,0,5,-8.360600
158,13,686,115,20,67,1,3,-9.503700
158,15,455,199,33,84,1,-8,-8.361200
158,16,374,173,28,75,1,-6,-5.311400
158,17,526,222,35,87,1,-9,-10.415000
159,9,426,207,29,85,1,-9,-8.088700
159,11,651,105,20,58,0,5,-7.706900
159,12,676,107,19,55,0,5,-8.318000
159,13,682,115,21,67,1,2,-9.402300
159,15,459,200,33,84,1,-8,-8.469100
159,16,366,172,28,75,1,-6,-5.092500
159,17,519,222,34,87,1,-9,-10.295000
160,9,429,208,30,85,1,-9,-8.195200
160,11,653,105,19,58,0,5,-7.734500
160,12,678,107,18,55,0,5,-8.373100
160,13,678,116,21,67,1,2,-9.342400
160,15,464,201,33,84,1,-8,-8.594900
160,16,358,172,28,75,1,-6,-4.920200
160,17,511,221,34,87,1,-9,-10.131000
161,9,432,209,30,85,1,-9,-8.282800
161,11,655,105,19,58,0,5,-7.789600
161,12,679,106,18,55,0,5,-8.351700
161,13,673,117,21,67,1,2,-9.257600
161,15,468,202,33,84,1,-8,-8.701400
161,16,350,171,28,75,1,-6,-4.698300
161,17,504,221,34,87,1,-9,-10.010000
162,9,435,209,30,85,1,-9,-8.337400
162,11,657,104,19,57,0,5,-7.742000
162,12,681,106,18,55,0,5,-8.407000
162,13,669,117,22,67,1,2,-9.182100
162,15,472,203,33,84,1,-8,-8.807200
162,16,343,171,28,74,1,-6,-4.496200
162,17,496,220,34,87,1,-9,-9.844600
163,9,437,210,30,85,1,-9,-8.406200
163,11,658,104,19,57,0,5,-7.769800
163,12,682,106,18,54,0,6,-8.385700
163,13,665,118,22,67,1,2,-9.123300
163,15,476,204,33,83,1,-8,-8.880800
163,16,335,170,28,74,1,-6,-4.270400
163,17,489,219,34,87,1,-9,-9.695400
164,9,440,210,30,85,1,-9,-8.460500
164,11,660,104,19,57,0,5,-7.825300
164,12,684,105,18,54,0,6,-8.392100
164,13,661,119,22,67,1,2,-9.064900
164,15,481,205,33,83,1,-8,-9.004100
164,16,328,170,28,74,1,-6,-4.116500
164,17,481,219,34,87,1,-9,-9.556200
165,9,442,210,30,86,1,-9,-8.528800
165,11,662,104,19,57,0,5,-7.880800
165,12,685,105,18,54,0,6,-8.420000
165,13,656,119,23,68,1,2,-8.981900
165,15,485,206,33,83,1,-8,-9.108200
165,16,320,169,28,74,1,-6,-3.887600
165,17,474,218,34,87,1,-9,-9.405500
166,9,445,210,31,86,1,-9,-8.582900
166,11,664,103,19,57,0,5,-7.885200
166,12,687,104,18,54,0,6,-8.426600
166,13,652,120,23,68,1,1,-8.924400
166,15,490,207,33,83,1,-8,-9.230000
166,16,312,169,28,73,1,-6,-3.656600
166,17,466,218,34,87,1,-9,-9.265500
167,9,447,211,31,86,1,-9,-8.650500
167,11,666,103,19,57,0,5,-7.940900
167,12,688,104,18,53,0,6,-8.405100
167,13,648,121,23,68,1,1,-8.867300
167,15,496,208,32,83,1,-8,-9.369000
167,16,305,168,28,73,1,-6,-3.445900
167,17,459,217,34,87,1,-9,-9.113300
168,9,450,211,31,86,1,-9,-8.704500
168,11,667,103,19,57,0,5,-7.968800
168,12,690,104,18,53,0,6,-8.461300
168,13,643,121,24,68,1,1,-8.768100
168,15,501,209,32,83,1,-8,-9.489200
168,16,297,168,28,73,1,-6,-3.266100
168,17,451,216,34,87,1,-9,-8.942400
169,9,452,211,31,86,1,-9,-8.740400
169,11,669,103,18,57,0,5,-8.024400
169,12,691,103,18,53,0,6,-8.439900
169,13,639,122,24,68,1,1,-8.711700
169,15,508,209,32,83,1,-8,-9.615500
169,16,290,167,28,72,1,-6,-2.996000
169,17,444,216,34,86,1,-9,-8.788100
170,9,455,211,31,86,1,-9,-8.794300
170,11,671,102,18,56,0,6,-7.978300
170,12,693,103,18,53,0,6,-8.496300
170,13,635,123,24,68,1,1,-8.655600
170,15,514,210,32,84,1,-8,-9.780900
170,16,282,167,28,72,1,-6,-2.813800
170,17,436,215,33,86,1,-9,-8.597200
171,9,458,212,31,87,1,-9,-8.909600
171,11,672,102,18,56,0,6,-8.006400
171,12,694,103,18,52,0,6,-8.474900
171,13,630,123,25,68,1,1,-8.532300
171,15,521,211,32,84,1,-8,-9.934400
171,16,274,166,28,72,1,-6,-2.572900
171,17,429,215,33,86,1,-9,-8.472400
172,9,461,213,31,87,1,-9,-8.993500
172,11,673,102,18,56,0,6,-8.034400
172,12,696,102,18,52,0,7,-8.481900
172,13,626,124,25,69,1,1,-8.520200
172,15,527,211,32,85,1,-8,-10.069000
172,16,267,166,28,72,1,-6,-2.411900
172,17,421,214,33,86,1,-9,-8.297400
173,9,466,214,31,87,1,-9,-9.112300
173,11,674,102,18,56,0,6,-8.062500
173,12,697,102,18,52,0,7,-8.510300
173,13,622,125,25,69,1,0,-8.465300
173,15,534,212,32,85,1,-8,-10.220000
173,16,259,165,28,71,1,-6,-2.107300
173,17,414,214,33,86,1,-9,-8.171900
174,9,470,215,31,87,1,-9,-9.212700
174,11,675,101,18,56,0,6,-8.039500
174,12,698,102,17,52,0,7,-8.510300
174,13,618,125,26,69,1,0,-8.392000
174,15,540,213,32,86,1,-8,-10.380000
174,16,252,165,28,71,1,-6,-1.944100
174,17,407,213,33,86,1,-9,-8.013100
175,9,475,216,31,87,1,-9,-9.330100
175,11,675,101,18,56,0,6,-8.039500
175,12,699,102,17,52,0,7,-8.538700
175,13,613,126,26,69,1,0,-8.313400
175,15,547,214,32,86,1,-8,-10.529000
175,16,244,164,28,71,1,-6,-1.694900
175,17,399,212,33,86,1,-9,-7.835100
176,9,479,218,31,87,1,-9,-9.458000
176,11,676,101,18,56,0,6,-8.067700
176,12,700,102,17,52,0,7,-8.567100
176,13,609,126,26,69,1,0,-8.215800
176,15,553,214,31,86,1,-8,-10.617000
176,16,237,164,28,70,1,-6,-1.466900
176,17,392,212,33,86,1,-9,-7.708300
177,9,484,219,31,87,1,-9,-9.573600
177,11,676,101,18,56,0,6,-8.067700
177,12,701,101,17,52,0,7,-8.545900
177,13,605,127,27,69,1,0,-8.162300
177,15,560,215,31,87,1,-8,-10.790000
177,16,230,163,28,70,1,-6,-1.236800
177,17,384,211,33,86,1,-9,-7.528400
178,9,489,220,31,87,1,-9,-9.688600
178,11,677,101,18,56,0,6,-8.095800
178,12,701,101,17,53,0,7,-8.595500
178,13,600,128,27,70,1,0,-8.128800
178,15,567,216,31,87,1,-8,-10.937000
178,16,224,163,28,70,1,-6,-1.093400
178,17,377,211,33,86,1,-9,-7.400700
179,9,494,222,31,87,1,-9,-9.830200
179,11,677,100,18,56,0,6,-8.044600
179,12,702,101,17,53,0,7,-8.623900
179,13,595,129,27,70,1,0,-8.051900
179,15,574,217,31,88,1,-8,-11.107000
179,16,217,162,28,70,1,-6,-0.859890
179,17,370,210,33,86,1,-9,-7.237200
180,9,499,223,31,88,1,-9,-9.970300
180,11,677,100,18,56,0,6,-8.044600
180,12,703,101,16,53,0,7,-8.652300
180,13,591,129,28,71,1,0,-8.023700
180,15,581,218,31,88,1,-8,-11.251000
180,16,211,162,28,69,1,-6,-0.648320
180,17,363,209,32,86,1,-9,-7.072500
181,9,504,225,31,88,1,-9,-10.109000
181,11,678,100,18,56,0,6,-8.072900
181,12,704,101,16,53,0,7,-8.680700
181,13,586,130,28,71,1,0,-7.947700
181,15,588,219,31,88,1,-8,-11.394000
181,16,204,161,28,69,1,-6,-0.410280
181,17,357,208,32,85,1,-9,-6.888300
182,9,509,227,31,88,1,-9,-10.246000
182,11,678,100,18,55,0,6,-8.021400
182,12,704,101,16,53,0,7,-8.680700
182,13,581,131,28,71,1,0,-7.872100
182,15,595,220,31,88,1,-8,-11.537000
182,16,197,161,28,69,1,-6,-0.238900
182,17,351,207,32,85,1,-9,-6.739300
183,9,515,229,32,89,1,-9,-10.440000
183,11,679,100,18,55,0,6,-8.049700
183,12,705,100,16,53,0,7,-8.660000
183,13,576,132,28,72,1,0,-7.841200
183,15,602,221,31,88,1,-8,-11.679000
183,16,191,160,28,69,1,-6,-0.021855
183,17,343,206,32,85,1,-9,-6.551800
184,9,521,231,32,90,1,-9,-10.615000
184,11,679,99,18,55,0,6,-7.997900
184,12,706,100,16,54,0,7,-8.737500
184,13,572,132,29,72,1,0,-7.746200
184,15,609,222,30,89,1,-8,-11.842000
184,16,184,160,28,68,1,-6,0.222190
184,17,336,205,32,84,1,-9,-6.342800
185,9,527,233,32,90,1,-9,-10.763000
185,11,680,99,19,55,0,6,-8.026400
185,12,707,100,16,54,0,7,-8.765800
185,13,567,133,29,73,1,0,-7.716300
185,15,616,223,30,89,1,-8,-11.982000
185,16,178,159,28,68,1,-6,0.443710
185,17,328,204,32,84,1,-9,-6.151800
186,9,532,235,32,91,1,-10,-10.916000
186,11,680,99,19,55,0,6,-8.026400
186,12,707,100,15,54,0,7,-8.737500
186,13,562,134,29,73,1,-1,-7.642700
186,15,624,224,30,89,1,-8,-12.137000
186,16,171,159,27,68,1,-6,0.644640
186,17,319,203,32,84,1,-9,-5.940200
187,9,538,238,33,92,1,-10,-11.107000
187,11,680,99,19,55,0,6,-8.026400
187,12,708,100,15,54,0,7,-8.765800
187,13,557,135,29,74,1,-1,-7.613700
187,15,631,226,30,89,1,-8,-12.296000
187,16,164,158,27,67,1,-6,0.969740
187,17,311,202,31,83,1,-9,-5.685500
188,9,544,240,33,92,1,-10,-11.248000
188,11,681,99,19,55,0,6,-8.054900
188,12,708,100,15,54,0,7,-8.765800
188,13,553,135,30,74,1,-1,-7.543500
188,15,638,227,30,89,1,-8,-12.433000
188,16,158,158,27,67,1,-6,1.122800
188,17,302,202,31,83,1,-9,-5.511700
189,9,550,242,33,93,1,-10,-11.411000
189,11,681,99,19,55,0,6,-8.054900
189,12,708,100,15,54,0,7,-8.765800
189,13,548,136,30,75,1,-1,-7.515400
189,15,644,228,30,90,1,-8,-12.572000
189,16,151,157,27,67,1,-6,1.378500
189,17,294,201,31,82,1,-9,-5.271300
190,9,556,244,33,93,1,-10,-11.549000
190,11,681,98,19,55,0,7,-8.002900
190,12,708,100,15,54,0,7,-8.765800
190,13,543,137,30,75,1,-1,-7.443400
190,15,650,230,30,90,1,-8,-12.710000
190,16,145,157,27,67,1,-6,1.533400
190,17,286,200,31,82,1,-9,-5.071400
191,9,561,246,33,94,1,-10,-11.692000
191,11,681,98,19,55,0,7,-8.002900
191,12,707,100,15,54,0,7,-8.737500
191,13,537,137,30,75,1,-1,-7.304100
191,15,656,232,30,90,1,-8,-12.847000
191,16,138,156,27,66,1,-6,1.872100
191,17,278,199,31,81,1,-9,-4.825200
192,9,567,248,34,95,1,-10,-11.863000
192,11,681,98,19,55,0,7,-8.002900
192,12,707,100,16,54,0,7,-8.765800
192,13,532,138,31,76,1,-2,-7.277700
192,15,662,234,29,90,1,-8,-12.965000
192,16,132,156,27,66,1,-6,2.029400
192,17,270,199,31,81,1,-9,-4.666500
193,9,573,251,34,95,1,-10,-12.017000
193,11,681,98,19,56,0,6,-8.054900
193,12,706,100,16,54,0,7,-8.737500
193,13,526,139,31,76,1,-2,-7.184100
193,15,668,236,29,90,1,-8,-13.099000
193,16,125,155,27,66,1,-6,2.294700
193,17,263,198,30,81,1,-9,-4.481500
194,9,579,253,34,96,1,-10,-12.168000
194,11,681,98,19,56,0,6,-8.054900
194,12,705,100,16,54,0,7,-8.709100
194,13,520,140,31,76,1,-2,-7.090900
194,15,673,239,29,91,1,-9,-13.250000
194,16,118,155,27,65,1,-6,2.562900
194,17,256,197,30,80,1,-9,-4.248100
195,9,584,255,34,97,1,-10,-12.302000
195,11,681,98,19,56,0,6,-8.054900
195,12,705,101,16,54,0,7,-8.757800
195,13,514,141,32,76,1,-2,-7.021200
195,15,679,242,30,91,1,-9,-13.413000
195,16,112,154,27,65,1,-6,2.807200
195,17,250,196,30,80,1,-9,-4.079600
196,9,590,257,35,97,1,-10,-12.430000
196,11,681,98,19,56,0,6,-8.054900
196,12,704,101,16,54,0,7,-8.729500
196,13,508,142,32,76,1,-2,-6.929000
196,15,685,244,30,91,1,-9,-13.542000
196,16,106,154,26,64,1,-6,3.054100
196,17,244,195,30,79,1,-9,-3.861200
197,9,596,259,35,98,1,-11,-12.576000
197,11,681,98,19,56,0,6,-8.054900
197,12,703,101,17,54,0,7,-8.701200
197,13,502,142,32,76,1,-2,-6.791500
197,15,691,247,30,92,1,-9,-13.701000
197,16,99,153,26,64,1,-6,3.331000
197,17,238,194,30,79,1,-9,-3.689200
198,9,602,261,35,99,1,-11,-12.719000
198,11,681,98,19,56,0,6,-8.054900
198,12,703,101,17,54,0,7,-8.701200
198,13,497,143,33,76,1,-2,-6.723000
198,15,697,250,30,92,1,-9,-13.842000
198,16,94,153,26,64,1,-6,3.468000
198,17,233,192,30,79,1,-9,-3.486400
199,9,608,264,35,99,1,-11,-12.861000
199,11,680,98,19,56,0,6,-8.026400
199,12,702,101,17,54,0,7,-8.673000
199,13,491,144,33,76,1,-3,-6.632000
199,15,702,252,31,93,1,-9,-13.966000
199,16,88,152,26,63,1,-6,3.811000
199,17,227,191,29,78,1,-9,-3.238900
200,9,614,266,36,99,1,-11,-12.998000
200,11,680,98,19,56,0,6,-8.026400
200,12,701,101,17,55,0,6,-8.693500
200,13,485,145,33,76,1,-3,-6.541500
200,15,708,255,31,93,1,-9,-14.103000
200,16,83,152,26,63,1,-6,3.950200
200,17,221,190,29,78,1,-9,-3.061100
201,9,621,269,36,100,1,-11,-13.167000
201,11,679,98,19,56,0,6,-7.997900
201,12,700,101,17,55,0,6,-8.665300
201,13,479,146,34,76,1,-3,-6.474100
201,15,713,257,31,94,1,-9,-14.223000
201,16,79,152,25,63,1,-6,4.089900
201,17,215,189,29,77,1,-9,-2.828900
202,9,627,272,36,100,1,-11,-13.303000
202,11,678,98,19,56,0,6,-7.969400
202,12,700,101,17,55,0,6,-8.665300
202,13,473,147,34,77,1,-3,-6.430900
202,15,718,259,32,94,1,-9,-14.342000
202,16,74,151,25,62,1,-6,4.414500
202,17,210,188,29,77,1,-9,-2.668700
203,9,633,275,36,100,1,-11,-13.436000
203,11,677,99,18,56,0,6,-7.993000
203,12,699,102,18,55,0,6,-8.713800
203,13,467,147,34,77,1,-3,-6.295300
203,15,723,261,32,95,1,-10,-14.459000
203,16,70,151,25,62,1,-6,4.528000
203,17,204,187,29,77,1,-9,-2.485800
204,9,639,278,36,101,1,-11,-13.583000
204,11,676,99,18,56,0,6,-7.964600
204,12,698,102,18,55,0,6,-8.685800
204,13,461,148,35,77,1,-3,-6.206600
204,15,727,263,32,95,1,-10,-14.546000
204,16,66,150,25,62,1,-6,4.736100
204,17,198,186,29,76,1,-9,-2.245600
205,9,643,281,36,101,1,-11,-13.684000
205,11,675,100,18,56,0,6,-7.988000
205,12,698,102,18,55,0,6,-8.685800
205,13,455,149,35,77,1,-3,-6.118300
205,15,731,265,32,96,1,-10,-14.645000
205,16,61,150,25,61,1,-6,4.975100
205,17,192,185,29,76,1,-9,-2.058700
206,9,647,284,37,102,1,-11,-13.799000
206,11,675,100,18,56,0,6,-7.988000
206,12,697,102,18,55,0,6,-8.657700
206,13,449,150,35,77,1,-4,-6.030400
206,15,733,266,32,96,1,-10,-14.688000
206,16,56,150,25,61,1,-6,5.119600
206,17,186,185,28,75,1,-9,-1.870200
207,9,650,287,37,103,1,-12,-13.897000
207,11,674,101,18,56,0,6,-8.011300
207,12,696,102,18,55,0,6,-8.629700
207,13,443,151,36,77,1,-4,-5.965400
207,16,51,149,25,61,1,-6,5.362400
207,17,179,184,28,75,1,-9,-1.657800
208,9,651,289,38,104,1,-12,-13.966000
208,11,673,101,18,56,0,6,-7.983200
208,12,695,102,19,55,0,6,-8.601600
208,13,436,152,36,77,1,-4,-5.856000
208,16,46,149,26,60,1,-6,5.578400
208,17,173,184,28,75,1,-9,-1.524900
209,9,651,292,38,105,1,-12,-14.021000
209,11,672,101,18,56,0,6,-7.955000
209,12,695,102,19,55,0,6,-8.601600
209,13,430,152,36,77,1,-4,-5.721400
209,16,42,148,26,60,1,-6,5.796600
209,17,167,183,28,75,1,-9,-1.332000
210,9,650,294,38,107,1,-12,-14.060000
210,11,671,102,17,56,0,6,-7.950300
210,12,694,103,19,55,0,6,-8.622300
210,13,424,153,37,77,1,-4,-5.635100
210,16,37,148,26,60,1,-6,5.945000
210,17,160,183,28,74,1,-9,-1.114900
211,9,648,295,39,108,1,-12,-14.060000
211,11,670,102,17,56,0,6,-7.922200
211,12,693,103,19,55,0,6,-8.594300
211,13,417,154,37,77,1,-4,-5.526900
211,16,32,148,26,59,1,-6,6.196600
211,17,154,183,28,74,1,-9,-0.979740
212,9,645,297,39,108,1,-12,-14.046000
212,11,669,103,17,56,0,6,-7.945600
212,12,692,104,19,55,0,6,-8.614900
212,13,411,155,37,77,1,-4,-5.441400
212,16,27,147,26,59,1,-6,6.451000
212,17,147,182,27,74,1,-9,-0.736900
213,9,640,297,40,109,1,-12,-14.005000
213,11,668,103,17,56,0,5,-7.917600
213,12,691,104,19,55,0,6,-8.587100
213,13,405,156,38,77,1,-5,-5.378600
213,16,22,147,26,59,1,-6,6.602400
213,17,141,182,27,74,1,-9,-0.600360
214,9,634,298,40,110,1,-12,-13.950000
214,11,667,103,17,56,0,5,-7.889600
214,12,690,105,19,55,0,6,-8.607600
214,13,398,157,38,77,1,-5,-5.271700
214,16,17,147,27,58,0,-6,6.861000
214,17,135,182,27,73,1,-9,-0.399920
215,9,627,298,41,110,1,-12,-13.856000
215,11,666,104,17,56,0,5,-7.913100
215,12,689,105,19,55,0,6,-8.579900
215,13,392,157,38,77,1,-5,-5.138000
215,16,13,146,27,58,0,-6,7.091600
215,17,129,181,27,73,1,-9,-0.197620
216,9,619,298,41,111,1,-12,-13.762000
216,11,665,104,17,56,0,5,-7.885200
216,12,688,106,19,55,0,5,-8.600400
216,13,386,158,39,78,1,-5,-5.103500
216,16,8,146,27,58,0,-6,7.246100
216,17,124,181,27,73,1,-9,-0.081980
217,9,611,297,42,111,1,-12,-13.654000
217,11,664,105,17,56,0,5,-7.908600
217,12,687,106,19,55,0,5,-8.572800
217,13,379,159,39,78,1,-5,-4.997900
217,16,5,146,27,57,0,-6,7.449300
217,17,118,181,27,73,1,-9,0.057170
218,9,602,297,42,112,1,-13,-13.547000
218,11,663,105,17,56,0,5,-7.880800
218,12,686,107,19,55,0,5,-8.593200
218,13,373,160,39,78,1,-5,-4.914800
218,16,2,145,27,57,0,-6,7.654400
218,17,113,181,27,72,1,-9,0.239730
219,9,594,297,42,112,1,-13,-13.439000
219,11,662,105,17,57,0,5,-7.904100
219,12,685,108,19,55,0,5,-8.613500
219,13,367,160,39,78,1,-5,-4.782000
219,17,107,181,26,72,1,-9,0.380210
220,9,586,296,43,112,1,-13,-13.317000
220,11,661,106,17,57,0,5,-7.927200
220,12,684,108,19,56,0,5,-8.633700
220,13,360,161,39,78,1,-5,-4.677400
220,17,102,180,26,72,1,-9,0.565310
221,9,578,295,43,112,1,-13,-13.194000
221,11,660,106,17,57,0,5,-7.899700
221,12,683,109,19,56,0,5,-8.653600
221,13,352,161,40,78,1,-6,-4.522300
221,17,96,180,26,72,1,-9,0.707140
222,9,570,294,43,112,1,-13,-13.071000
222,11,660,107,17,58,0,5,-8.000200
222,12,682,109,20,56,0,5,-8.653600
222,13,345,161,40,78,1,-6,-4.366900
222,17,91,180,26,71,1,-9,0.894860
223,9,562,292,43,112,1,-13,-12.931000
223,11,659,107,17,58,0,4,-7.972900
223,12,681,110,20,56,0,5,-8.673400
223,13,338,161,40,78,1,-6,-4.211100
223,17,85,180,26,71,1,-9,1.038100
224,1,712,232,38,86,1,-8,-13.763000
224,9,555,290,43,111,1,-13,-12.788000
224,11,658,107,18,58,0,4,-7.972900
224,12,680,111,20,56,0,4,-8.693100
224,13,331,161,40,78,1,-6,-4.055000
224,17,80,179,26,71,1,-9,1.228500
225,1,708,230,38,85,1,-8,-13.646000
225,9,547,288,43,111,1,-13,-12.646000
225,11,657,108,18,59,1,4,-8.044900
225,12,679,111,20,56,0,4,-8.666200
225,13,324,161,40,78,1,-6,-3.898400
225,17,74,179,25,71,1,-9,1.397300
226,1,703,228,37,85,1,-7,-13.512000
226,9,540,285,43,110,1,-12,-12.483000
226,11,656,108,18,59,1,4,-8.017800
226,12,678,112,20,56,0,4,-8.685800
226,13,318,161,40,78,1,-6,-3.763900
226,17,69,179,25,70,1,-9,1.590600
227,1,697,226,37,85,1,-7,-13.376000
227,9,532,283,43,109,1,-12,-12.320000
227,11,655,109,18,59,1,4,-8.040100
227,12,677,112,20,56,0,4,-8.658900
227,13,311,160,40,78,1,-6,-3.552100
227,17,64,179,25,70,1,-9,1.712400
228,1,690,224,37,85,1,-7,-13.222000
228,9,525,281,42,109,1,-12,-12.187000
228,11,654,109,19,60,1,4,-8.062100
228,12,676,113,20,56,0,4,-8.678500
228,13,306,160,40,78,1,-6,-3.439000
228,17,60,178,25,70,1,-9,1.883700
229,1,683,221,36,84,1,-7,-13.028000
229,9,517,278,42,108,1,-12,-12.002000
229,11,653,110,19,60,1,4,-8.084000
229,12,675,114,20,56,0,4,-8.697900
229,13,300,160,39,77,1,-6,-3.224600
229,17,56,178,25,70,1,-9,1.982100
230,1,677,219,36,84,1,-7,-12.887000
230,9,510,276,42,108,1,-12,-11.865000
230,11,652,110,19,60,1,4,-8.057200
230,12,675,114,20,56,0,4,-8.697900
230,13,295,159,39,77,1,-6,-3.053900
230,17,52,177,25,70,1,-9,2.155600
231,1,670,217,36,84,1,-7,-12.727000
231,9,502,273,42,107,1,-12,-11.675000
231,11,651,110,19,61,1,4,-8.079000
231,12,674,115,20,56,0,4,-8.717200
231,13,289,159,39,77,1,-6,-2.916400
231,14,722,285,39,112,1,-11,-14.998000
231,17,49,177,25,70,1,-9,2.229900
232,1,663,215,35,83,1,-7,-12.527000
232,9,495,271,42,106,1,-12,-11.516000
232,11,650,111,19,61,1,3,-8.100700
232,12,673,115,20,56,0,4,-8.690700
232,13,284,159,38,77,1,-6,-2.801500
232,14,718,283,38,113,1,-11,-14.932000
232,17,46,177,25,70,1,-9,2.304400
233,1,656,213,35,83,1,-7,-12.363000
233,9,488,269,41,106,1,-12,-11.359000
233,11,649,111,20,62,1,3,-8.148600
233,12,672,116,20,57,0,4,-8.755300
233,13,279,158,38,77,1,-6,-2.628000
233,14,712,280,38,114,1,-11,-14.825000
233,17,43,176,25,70,1,-9,2.455400
234,1,649,211,35,83,1,-7,-12.197000
234,9,481,266,41,105,1,-12,-11.175000
234,11,648,112,20,62,1,3,-8.169800
234,12,671,117,20,57,0,3,-8.774200
234,13,273,158,37,76,1,-6,-2.406400
234,14,706,278,38,114,1,-11,-14.718000
234,17,41,176,25,70,1,-9,2.505400
235,1,643,209,34,82,1,-7,-12.024000
235,9,475,264,41,104,1,-12,-11.024000
235,11,647,112,20,62,1,3,-8.143500
235,12,670,117,20,57,0,3,-8.747900
235,13,268,158,37,76,1,-6,-2.289800
235,14,700,276,37,114,1,-11,-14.596000
235,17,39,176,26,69,1,-9,2.607700
236,1,636,207,34,82,1,-7,-11.854000
236,9,469,262,41,104,1,-12,-10.891000
236,11,646,112,20,63,1,3,-8.164600
236,12,669,118,20,57,0,3,-8.766800
236,13,262,157,36,76,1,-6,-2.088800
236,14,694,274,37,113,1,-11,-14.474000
236,17,38,176,26,69,1,-9,2.632800
237,1,629,205,34,82,1,-6,-11.682000
237,9,463,260,41,103,1,-12,-10.736000
237,11,645,113,21,63,1,3,-8.185700
237,12,668,118,20,57,0,3,-8.740600
237,13,257,157,36,76,1,-6,-1.971300
237,14,688,273,37,113,1,-11,-14.377000
237,17,38,175,26,69,1,-9,2.710700
238,1,622,204,33,81,1,-6,-11.489000
238,9,457,257,40,102,1,-12,-10.556000
238,11,645,113,21,63,1,3,-8.185700
238,12,667,119,20,57,0,3,-8.759400
238,13,252,157,35,76,1,-6,-1.829900
238,14,682,272,37,112,1,-11,-14.266000
238,17,38,175,26,69,1,-9,2.710700
239,1,616,202,33,81,1,-6,-11.331000
239,9,451,255,40,102,1,-12,-10.418000
239,11,644,114,21,64,1,3,-8.253100
239,12,667,119,20,57,0,3,-8.759400
239,13,246,156,35,75,1,-6,-1.562200
239,14,676,270,37,111,1,-11,-14.140000
239,17,38,175,26,69,1,-9,2.710700
240,1,609,201,33,80,1,-6,-11.153000
240,9,445,253,40,101,1,-11,-10.256000
240,11,643,114,21,64,1,3,-8.227200
240,12,666,120,20,57,0,3,-8.778000
240,13,241,156,35,75,1,-6,-1.442800
240,14,670,269,37,111,1,-11,-14.041000
240,17,38,175,26,69,1,-9,2.710700
241,1,603,199,33,79,1,-6,-10.964000
241,9,439,251,40,100,1,-11,-10.091000
241,11,642,114,22,64,1,3,-8.227200
241,12,665,120,20,58,0,3,-8.796500
241,13,236,155,34,75,1,-6,-1.258700
241,14,665,267,37,110,1,-11,-13.927000
241,17,38,175,26,69,1,-9,2.710700
242,1,596,198,32,79,1,-6,-10.808000
242,9,433,249,40,100,1,-11,-9.948200
242,11,641,115,22,65,1,2,-8.293900
242,12,665,121,20,58,0,3,-8.840600
242,13,230,155,34,75,1,-6,-1.114200
242,14,659,266,37,109,1,-11,-13.812000
242,17,38,175,26,69,1,-9,2.710700
243,1,590,197,32,78,1,-6,-10.642000
243,9,427,246,40,99,1,-11,-9.753600
243,11,640,115,22,65,1,2,-8.268100
243,12,665,121,20,58,0,3,-8.840600
243,13,225,155,33,75,1,-6,-0.969370
243,14,653,265,37,109,1,-11,-13.710000
243,17,38,175,26,69,1,-9,2.710700
244,1,583,195,32,78,1,-6,-10.455000
244,9,421,244,39,99,1,-11,-9.591100
244,11,639,116,22,65,1,2,-8.288400
244,12,664,122,20,58,0,3,-8.858700
244,13,221,154,33,75,1,-6,-0.806040
244,14,647,263,37,108,1,-11,-13.578000
244,17,38,175,26,69,1,-9,2.710700
245,1,577,194,32,77,1,-6,-10.285000
245,9,415,242,39,98,1,-11,-9.416400
245,11,638,116,22,65,1,2,-8.262700
245,12,664,122,20,59,1,2,-8.902200
245,13,216,154,32,74,1,-6,-0.616830
245,14,641,262,37,107,1,-11,-13.460000
245,17,38,175,26,69,1,-9,2.710700
246,1,571,193,32,77,1,-6,-10.142000
246,9,409,240,39,97,1,-11,-9.239000
246,11,637,117,23,65,1,2,-8.282900
246,12,663,122,20,59,1,2,-8.876700
246,13,212,153,32,74,1,-6,-0.450510
246,14,635,260,37,107,1,-11,-13.341000
246,17,38,175,26,69,1,-9,2.710700
247,1,564,192,32,76,1,-6,-9.948700
247,9,404,239,39,97,1,-11,-9.130400
247,11,636,117,23,65,1,2,-8.257400
247,12,663,123,20,59,1,2,-8.920000
247,13,209,153,31,74,1,-6,-0.351940
247,14,628,259,37,106,1,-11,-13.205000
247,17,38,175,26,68,1,-9,2.789100
248,1,558,191,32,76,1,-6,-9.803200
248,9,398,237,38,96,1,-11,-8.948800
248,11,635,118,23,65,1,2,-8.277500
248,12,662,123,20,59,1,2,-8.894600
248,13,205,153,31,74,1,-6,-0.253170
248,14,621,257,36,105,1,-11,-13.052000
248,17,38,175,26,68,1,-9,2.789100
249,1,552,190,32,76,1,-6,-9.656600
249,9,392,235,38,96,1,-11,-8.793000
249,11,634,118,23,65,1,2,-8.252100
249,12,662,124,20,60,1,2,-8.980400
249,13,202,152,31,74,1,-6,-0.109060
249,14,614,255,36,105,1,-11,-12.914000
249,17,38,175,26,68,1,-9,2.789100
250,1,546,189,32,75,1,-6,-9.477500
250,9,387,233,38,95,1,-11,-8.622900
250,11,633,119,24,65,1,2,-8.297500
250,12,661,124,20,60,1,2,-8.955100
250,13,199,152,30,73,1,-6,0.036263
250,14,606,252,36,104,1,-10,-12.724000
250,17,37,175,26,68,1,-9,2.814500
251,1,539,188,32,75,1,-6,-9.308800
251,9,381,231,38,94,1,-11,-8.433200
251,11,632,119,24,65,1,2,-8.272100
251,12,660,125,20,60,1,2,-8.972500
251,13,196,151,30,73,1,-6,0.182800
251,14,598,250,36,103,1,-10,-12.549000
251,17,37,175,26,68,1,-9,2.814500
252,1,533,188,32,75,1,-6,-9.191400
252,9,375,230,37,94,1,-11,-8.284800
252,11,631,120,24,65,1,2,-8.292100
252,12,658,125,20,60,1,2,-8.922200
252,13,192,151,29,73,1,-6,0.308630
252,14,590,249,36,103,1,-10,-12.409000
252,17,37,175,26,68,1,-9,2.814500
253,1,527,187,32,74,1,-6,-9.007400
253,9,369,228,37,93,1,-11,-8.090100
253,11,630,120,24,65,1,2,-8.266800
253,12,657,126,20,60,1,2,-8.939700
253,13,189,151,29,73,1,-6,0.384270
253,14,583,247,36,102,1,-10,-12.245000
253,17,37,175,26,68,1,-9,2.814500
254,1,521,186,32,74,1,-6,-8.855100
254,9,364,226,37,93,1,-11,-7.941400
254,11,629,121,24,65,1,1,-8.286700
254,12,655,127,20,61,1,1,-8.974200
254,13,186,150,29,73,1,-6,0.533200
254,14,576,246,36,102,1,-10,-12.118000
254,17,37,175,26,68,1,-9,2.814500
255,1,515,185,32,74,1,-6,-8.701700
255,9,358,224,37,92,1,-10,-7.741100
255,11,628,121,25,65,1,1,-8.261500
255,12,653,127,20,61,1,1,-8.924400
255,13,183,150,29,72,1,-6,0.683400
255,14,569,245,36,101,1,-10,-11.970000
255,17,36,176,26,68,1,-9,2.761200
256,1,508,184,32,73,1,-5,-8.491900
256,9,352,222,36,91,1,-10,-7.537400
256,11,627,122,25,65,1,1,-8.281400
256,12,652,128,20,61,1,1,-8.941700
256,13,179,149,28,72,1,-6,0.860560
256,14,562,244,36,100,1,-10,-11.821000
256,17,36,176,26,68,1,-9,2.761200
257,1,502,183,32,73,1,-5,-8.335700
257,9,347,221,36,91,1,-10,-7.415900
257,11,626,122,25,65,1,1,-8.256300
257,12,650,129,20,61,1,1,-8.934100
257,13,176,149,28,72,1,-6,0.937680
257,14,556,243,36,100,1,-10,-11.707000
257,17,36,176,26,68,1,-9,2.761200
258,1,496,182,32,73,1,-5,-8.178300
258,9,341,219,36,90,1,-10,-7.207000
258,11,625,123,25,65,1,1,-8.276100
258,12,648,129,20,62,1,1,-8.926600
258,13,173,148,28,72,1,-6,1.091100
258,14,549,242,35,100,1,-10,-11.560000
258,17,36,176,26,68,1,-9,2.761200
259,1,490,182,32,72,1,-5,-8.019800
259,9,335,217,35,90,1,-10,-7.012000
259,11,624,123,25,65,1,1,-8.251100
259,12,646,130,20,62,1,1,-8.919200
259,13,170,148,28,72,1,-6,1.168800
259,14,542,241,35,99,1,-10,-11.408000
259,17,36,176,26,68,1,-9,2.761200
260,1,484,181,32,72,1,-5,-7.860000
260,9,330,215,35,89,1,-10,-6.814500
260,11,622,124,25,65,1,1,-8.246000
260,12,645,130,20,62,1,1,-8.894700
260,13,167,147,28,71,1,-6,1.401900
260,14,535,241,35,99,1,-10,-11.297000
260,17,35,176,26,68,1,-9,2.786600
261,1,477,180,32,72,1,-5,-7.678600
261,9,324,213,35,88,1,-10,-6.595200
261,11,620,125,25,65,1,1,-8.240800
261,12,643,131,20,62,1,1,-8.887400
261,13,163,147,27,71,1,-6,1.533000
261,14,528,240,35,99,1,-10,-11.164000
261,17,35,176,26,68,1,-9,2.786600
262,1,471,179,32,71,1,-5,-7.477100
262,9,319,212,35,88,1,-10,-6.466200
262,11,618,125,25,66,1,1,-8.235700
262,12,641,132,20,62,1,1,-8.880100
262,13,160,146,27,71,1,-6,1.691200
262,14,522,240,34,98,1,-10,-11.046000
262,17,35,176,26,68,1,-9,2.786600
263,1,465,178,32,71,1,-5,-7.313100
263,9,314,210,34,87,1,-10,-6.259700
263,11,616,126,25,66,1,1,-8.230700
263,12,640,132,20,63,1,0,-8.897200
263,13,157,146,27,71,1,-6,1.770500
263,14,515,239,34,98,1,-10,-10.912000
263,17,35,176,26,68,1,-9,2.786600
264,1,459,177,32,71,1,-5,-7.147700
264,9,309,208,34,87,1,-10,-6.088800
264,11,615,127,25,66,1,0,-8.250300
264,12,638,133,20,63,1,0,-8.890000
264,13,154,145,27,70,1,-6,2.011800
264,14,508,239,34,98,1,-10,-10.800000
264,17,35,176,26,68,1,-9,2.786600
265,1,452,177,32,70,1,-5,-6.960200
265,9,304,206,34,87,1,-10,-5.915800
265,11,613,127,24,66,1,0,-8.201100
265,12,637,134,20,63,1,0,-8.906900
265,13,151,145,27,70,1,-6,2.092100
265,14,501,238,34,98,1,-10,-10.665000
265,17,34,176,26,68,1,-9,2.811900
266,1,446,176,32,70,1,-5,-6.792200
266,9,300,205,33,86,1,-10,-5.740600
266,11,611,128,24,67,1,0,-8.240200
266,12,636,134,20,63,1,0,-8.882800
266,13,147,144,27,70,1,-6,2.282000
266,14,495,237,33,98,1,-10,-10.529000
266,17,34,176,26,68,1,-9,2.811900
267,1,440,175,32,70,1,-5,-6.622900
267,9,296,203,33,86,1,-9,-5.582300
267,11,609,129,24,67,1,0,-8.235200
267,12,636,135,20,64,1,0,-8.964300
267,13,144,144,26,70,1,-6,2.363000
267,14,488,237,33,97,1,-10,-10.392000
267,17,34,176,26,68,1,-9,2.811900
268,1,434,174,32,69,1,-5,-6.408600
268,9,292,201,33,85,1,-9,-5.379800
268,11,607,130,24,67,1,0,-8.230300
268,12,635,136,20,64,1,0,-8.980800
268,13,141,143,26,70,1,-6,2.528100
268,14,481,236,33,97,1,-10,-10.254000
268,17,34,176,26,68,1,-9,2.811900
269,1,428,173,32,69,1,-5,-6.235900
269,9,289,200,32,85,1,-9,-5.279200
269,11,605,130,24,68,1,0,-8.225400
269,12,634,136,20,64,1,0,-8.957000
269,13,138,143,26,69,1,-5,2.694700
269,14,475,236,32,97,1,-10,-10.156000
269,17,33,176,26,68,1,-9,2.837200
270,1,421,172,32,69,1,-5,-6.040300
270,9,286,198,32,84,1,-9,-5.091000
270,11,603,131,24,68,1,0,-8.220500
270,12,634,137,20,64,1,0,-8.997200
270,13,135,143,26,69,1,-5,2.776800
270,14,469,235,32,97,1,-10,-10.034000
270,17,33,176,26,68,1,-9,2.837200
271,1,415,171,33,69,1,-5,-5.864700
271,9,283,196,32,84,1,-9,-4.943900
271,11,602,132,24,68,1,0,-8.239700
271,12,633,138,20,65,1,0,-9.053300
271,13,132,142,26,69,1,-5,2.945400
271,14,463,234,32,96,1,-10,-9.884500
271,17,32,176,26,68,1,-9,2.862600
272,1,409,171,33,68,1,-5,-5.687700
272,9,281,195,31,84,1,-9,-4.839900
272,11,601,132,24,68,1,0,-8.215700
272,12,632,138,20,65,1,0,-9.029700
272,13,129,142,25,69,1,-5,3.055800
272,14,457,233,32,96,1,-10,-9.760000
272,17,30,176,25,68,1,-9,2.938700
273,1,403,170,33,68,1,-5,-5.509200
273,9,278,193,31,83,1,-9,-4.644100
273,11,600,133,24,69,1,0,-8.277600
273,12,632,139,20,65,1,0,-9.069300
273,13,126,142,25,69,1,-6,3.138800
273,14,452,232,31,96,1,-10,-9.634700
273,17,28,176,25,68,1,-9,2.989500
274,1,397,169,33,68,1,-5,-5.329300
274,9,275,192,31,83,1,-9,-4.537800
274,11,599,134,24,69,1,0,-8.296300
274,12,631,140,20,65,1,0,-9.085100
274,13,124,142,25,69,1,-6,3.194200
274,14,447,231,31,96,1,-10,-9.525300
274,17,27,175,25,68,1,-9,3.094600
275,1,390,168,33,67,1,-5,-5.076300
275,9,272,190,30,82,1,-9,-4.336700
275,11,598,135,24,69,1,0,-8.315000
275,12,631,140,20,65,1,0,-9.085100
275,13,123,142,25,69,1,-6,3.221900
275,14,441,230,31,96,1,-10,-9.398600
275,17,25,175,26,68,1,-9,3.120200
276,1,384,167,33,67,1,-5,-4.892400
276,9,270,188,30,82,1,-9,-4.200500
276,11,598,135,24,69,1,0,-8.315000
276,12,630,141,20,66,1,0,-9.139800
276,13,121,142,25,69,1,-6,3.277400
276,14,436,229,31,95,1,-10,-9.259900
276,17,22,175,26,68,1,-9,3.197000
277,1,378,166,32,67,1,-5,-4.707000
277,9,268,187,30,81,1,-8,-4.062600
277,11,597,136,24,69,1,0,-8.333500
277,12,629,142,20,66,1,0,-9.155300
277,13,120,143,25,70,1,-6,3.129800
277,14,431,228,30,95,1,-10,-9.148100
277,17,20,175,26,68,1,-9,3.248200
278,1,372,166,32,67,1,-5,-4.571900
278,9,266,186,30,81,1,-8,-3.972300
278,11,597,137,24,69,1,0,-8.375400
278,12,629,142,20,66,1,0,-9.155300
278,13,118,143,25,70,1,-6,3.184900
278,14,425,227,30,95,1,-10,-9.018700
278,17,17,175,27,67,1,-9,3.406400
279,1,366,165,32,66,1,-5,-4.331300
279,9,264,184,30,81,1,-8,-3.831600
279,11,596,138,24,69,1,0,-8.393500
279,12,628,143,20,66,1,0,-9.170700
279,13,117,143,25,70,1,-6,3.212500
279,14,420,226,30,95,1,-10,-8.905500
279,17,14,175,28,67,1,-9,3.458100
280,1,360,164,31,66,1,-5,-4.118200
280,9,263,183,29,80,1,-8,-3.689100
280,11,595,138,24,69,1,0,-8.370200
280,12,628,144,20,67,1,0,-9.247000
280,13,117,144,25,70,1,-6,3.125400
280,14,414,225,29,94,1,-10,-8.728000
280,17,12,175,29,67,1,-9,3.509800
281,1,355,164,30,66,1,-5,-4.003600
281,9,262,182,29,80,1,-8,-3.617200
281,11,595,139,24,70,1,0,-8.452800
281,12,627,144,20,67,1,0,-9.224100
281,13,117,144,25,71,1,-6,3.039000
281,14,409,224,29,94,1,-10,-8.612900
282,1,349,163,30,66,1,-5,-3.810900
282,9,261,180,29,79,1,-8,-3.441400
282,11,594,140,24,70,1,-1,-8.470500
282,12,626,145,20,67,1,-1,-9.239100
282,13,118,145,25,71,1,-6,2.926000
282,14,404,223,29,94,1,-10,-8.497100
283,1,343,162,29,66,1,-5,-3.593300
283,9,261,179,29,79,1,-8,-3.389200
283,11,594,141,24,70,1,-1,-8.511200
283,12,626,146,20,67,1,-1,-9.276700
283,13,121,145,25,71,1,-6,2.844500
283,14,398,222,29,94,1,-10,-8.363300
284,1,337,162,28,66,1,-5,-3.453800
284,9,260,177,29,78,1,-8,-3.209000
284,11,593,141,24,70,1,-1,-8.488100
284,12,625,146,20,67,1,-1,-9.254000
284,13,123,146,25,71,1,-6,2.705800
284,14,393,221,29,93,1,-10,-8.214700
285,1,332,161,28,66,1,-5,-3.280100
285,9,261,176,29,78,1,-8,-3.177200
285,11,593,142,24,70,1,-1,-8.528700
285,12,625,147,20,68,1,-1,-9.328700
285,13,126,146,25,72,1,-6,2.541400
285,14,388,221,29,93,1,-10,-8.127900
286,1,326,160,27,66,1,-5,-3.057800
286,9,261,175,28,78,1,-7,-3.123400
286,11,592,143,24,70,1,-1,-8.546000
286,12,624,148,20,68,1,-1,-9.343200
286,13,130,147,25,72,1,-6,2.351900
286,14,383,220,29,92,1,-10,-7.977000
287,1,320,160,26,66,1,-5,-2.916300
287,9,261,173,28,77,1,-7,-2.959900
287,11,591,143,24,70,1,-1,-8.523100
287,12,623,148,20,68,1,-1,-9.320700
287,13,133,148,25,72,1,-6,2.190500
287,14,377,220,29,92,1,-10,-7.872100
288,1,314,159,26,66,1,-5,-2.714700
288,9,262,172,28,77,1,-7,-2.926800
288,11,591,144,24,70,1,-1,-8.563200
288,12,623,149,20,68,1,-1,-9.357600
288,13,137,148,25,72,1,-6,2.084700
288,14,372,220,29,92,1,-10,-7.784600
289,1,309,159,25,66,1,-5,-2.572000
289,9,262,171,28,76,1,-7,-2.815600
289,11,590,145,24,70,1,-1,-8.580300
289,12,622,150,20,69,1,-1,-9.408400
289,13,140,149,25,73,1,-6,1.846000
289,14,367,220,29,91,1,-10,-7.663800
290,1,303,159,25,66,1,-5,-2.429000
290,9,262,169,28,76,1,-7,-2.702800
290,11,590,146,24,71,1,-1,-8.659300
290,12,621,151,20,69,1,-1,-9.422400
290,13,143,150,25,73,1,-6,1.689000
290,14,362,219,29,91,1,-10,-7.542300
291,1,297,158,25,66,1,-5,-2.223700
291,9,263,168,28,76,1,-7,-2.668500
291,11,589,146,24,71,1,-1,-8.636700
291,12,621,151,20,69,1,-1,-9.422400
291,13,147,151,25,73,1,-6,1.507500
291,14,357,219,29,90,1,-10,-7.420000
292,1,292,158,24,65,1,-5,-2.040700
292,9,265,167,28,75,1,-7,-2.599200
292,11,589,147,25,71,1,-1,-8.676000
292,12,620,152,20,69,1,-1,-9.436300
292,13,150,151,25,74,1,-6,1.353400
292,14,352,218,29,90,1,-10,-7.296900
293,1,286,158,24,65,1,-5,-1.895500
293,9,268,166,27,75,1,-7,-2.587000
293,11,588,148,25,71,1,-2,-8.692500
293,12,620,153,20,70,1,-2,-9.508000
293,13,154,152,25,74,1,-7,1.175000
293,14,347,218,29,89,1,-10,-7.173000
294,1,281,158,24,65,1,-5,-1.774200
294,9,271,165,27,75,1,-6,-2.597500
294,11,587,149,25,71,1,-2,-8.708900
294,12,620,153,20,70,1,-2,-9.508000
294,13,157,153,25,74,1,-7,1.023700
294,14,343,217,29,89,1,-10,-7.066200
295,1,275,158,24,65,1,-5,-1.628300
295,9,275,164,27,74,1,-6,-2.572900
295,11,587,150,25,71,1,-2,-8.747500
295,12,620,154,20,70,1,-2,-9.543500
295,13,161,154,25,74,1,-7,0.848360
295,14,339,216,30,88,1,-10,-6.941000
296,1,270,158,24,64,1,-5,-1.441100
296,9,280,163,27,74,1,-6,-2.629500
296,11,586,151,25,72,1,-2,-8.801800
296,12,620,155,20,70,1,-2,-9.578700
296,13,165,154,25,75,1,-7,0.674620
296,14,334,215,30,88,1,-10,-6.814400
297,1,264,158,24,64,1,-5,-1.293900
297,9,285,162,27,74,1,-6,-2.686400
297,11,585,152,25,72,1,-2,-8.817600
297,12,620,156,20,71,1,-2,-9.648600
297,13,169,155,25,75,1,-7,0.502410
297,14,330,214,30,87,1,-10,-6.668300
298,1,259,158,23,64,1,-5,-1.146300
298,9,290,161,27,74,1,-6,-2.743500
298,11,585,154,25,73,1,-2,-8.930100
298,12,621,157,20,71,1,-2,-9.704800
298,13,173,156,25,75,1,-7,0.331720
298,14,326,213,30,87,1,-10,-6.558000
299,1,253,158,23,64,1,-5,-0.998360
299,9,294,161,27,74,1,-6,-2.835800
299,11,585,155,25,73,1,-2,-8.967100
299,12,621,159,20,71,1,-2,-9.773100
299,13,178,156,25,75,1,-7,0.208150
299,14,321,213,30,86,1,-10,-6.428500
300,1,248,158,23,63,1,-5,-0.806640
300,9,299,160,27,74,1,-6,-2.893300
300,11,584,156,25,73,1,-3,-8.982200
300,12,622,160,20,72,1,-2,-9.861900
300,13,184,157,24,76,1,-7,-0.078475
300,14,317,212,30,86,1,-10,-6.316600
301,1,242,159,23,63,1,-5,-0.725980
301,9,304,159,27,73,1,-5,-2.893200
301,11,585,158,25,74,1,-3,-9.112800
301,12,622,161,21,72,1,-3,-9.895300
301,13,189,157,24,76,1,-7,-0.200380
301,14,313,211,30,85,1,-10,-6.165200
302,1,236,159,23,63,1,-5,-0.576820
302,9,309,158,27,73,1,-5,-2.951300
302,11,585,159,25,74,1,-3,-9.148700
302,12,623,162,21,72,1,-3,-9.949600
302,13,195,158,24,76,1,-7,-0.413870
302,14,308,210,30,85,1,-10,-6.032700
303,1,230,160,23,63,1,-5,-0.496660
303,9,314,157,27,73,1,-5,-3.009700
303,11,586,160,25,75,1,-3,-9.240900
303,12,623,163,21,73,1,-3,-10.015000
303,13,201,158,24,76,1,-7,-0.558760
303,14,304,209,30,84,1,-10,-5.878100
304,1,224,161,23,63,1,-6,-0.416790
304,9,319,156,27,73,1,-5,-3.068300
304,11,586,161,25,75,1,-3,-9.276000
304,12,624,164,21,73,1,-3,-10.069000
304,13,206,159,24,77,1,-7,-0.810930
304,14,300,209,30,84,1,-10,-5.802600
305,1,218,161,23,62,1,-6,-0.197400
305,9,323,155,27,73,1,-5,-3.103900
305,11,587,163,25,76,1,-3,-9.401000
305,12,625,165,21,73,1,-3,-10.122000
305,13,212,159,24,77,1,-7,-0.953930
305,14,295,208,31,83,1,-10,-5.626500
306,1,212,162,23,62,1,-6,-0.117880
306,9,329,155,27,72,1,-5,-3.186400
306,11,587,164,25,76,1,-3,-9.435200
306,12,625,166,21,74,1,-3,-10.185000
306,13,218,160,24,77,1,-7,-1.160600
306,14,291,207,31,83,1,-10,-5.509000
307,1,207,163,23,62,1,-6,-0.063605
307,9,334,154,27,72,1,-5,-3.245900
307,11,588,165,25,76,1,-4,-9.490000
307,12,626,168,21,74,1,-3,-10.269000
307,13,223,160,24,77,1,-7,-1.278700
307,14,287,206,31,82,1,-10,-5.348600
308,1,202,164,23,62,1,-6,-0.009548
308,9,340,153,27,72,1,-5,-3.329200
308,11,588,166,25,77,1,-4,-9.557100
308,12,626,169,21,74,1,-3,-10.300000
308,13,229,161,24,78,1,-7,-1.545000
308,14,283,205,30,82,1,-9,-5.229000
309,1,198,165,23,62,1,-6,0.019436
309,9,347,153,27,72,1,-4,-3.493600
309,11,589,167,25,77,1,-4,-9.611000
309,12,627,170,21,75,1,-4,-10.382000
309,13,235,161,24,78,1,-7,-1.684900
309,14,279,204,30,82,1,-9,-5.108600
310,1,195,166,23,62,1,-6,0.023505
310,9,354,152,27,72,1,-4,-3.600900
310,11,589,169,25,78,1,-4,-9.709400
310,12,627,171,21,75,1,-4,-10.412000
310,13,240,162,24,78,1,-7,-1.862000
310,14,275,203,29,82,1,-9,-4.967700
311,1,193,167,23,62,1,-6,0.002849
311,9,362,152,27,71,1,-4,-3.732300
311,11,590,170,25,78,1,-4,-9.762100
311,12,628,172,21,75,1,-4,-10.463000
311,13,246,162,24,78,1,-7,-2.000700
311,14,273,202,28,82,1,-9,-4.884700
312,1,191,167,23,63,1,-6,-0.017675
312,9,369,151,27,71,1,-4,-3.840600
312,11,591,171,25,79,1,-4,-9.846400
312,12,628,173,21,76,1,-4,-10.523000
312,13,252,163,24,79,1,-7,-2.257500
312,14,270,202,27,82,1,-9,-4.806300
313,1,189,168,23,63,1,-7,-0.038070
313,9,377,151,27,71,1,-4,-4.028600
313,11,591,172,26,79,1,-4,-9.898300
313,12,629,174,21,76,1,-4,-10.572000
313,13,257,163,24,79,1,-7,-2.371600
313,14,268,201,27,82,1,-9,-4.722500
314,1,188,169,24,63,1,-7,-0.107280
314,9,384,151,27,71,1,-4,-4.192600
314,11,592,174,26,80,1,-5,-10.012000
314,12,630,175,21,76,1,-4,-10.622000
314,13,263,164,24,79,1,-7,-2.566000
314,14,266,200,26,81,1,-9,-4.592800
315,1,187,170,24,63,1,-7,-0.151660
315,9,391,150,27,70,1,-4,-4.247000
315,11,592,175,26,80,1,-5,-10.043000
315,12,630,177,21,77,1,-4,-10.709000
315,13,269,164,24,79,1,-7,-2.701800
315,14,264,199,25,81,1,-9,-4.487500
316,1,188,171,24,64,1,-7,-0.312110
316,9,398,150,27,70,1,-4,-4.411600
316,11,593,176,26,80,1,-5,-10.093000
316,12,631,178,21,77,1,-4,-10.757000
316,13,275,165,24,80,1,-7,-2.949600
316,14,262,198,24,81,1,-9,-4.401600
317,1,189,171,24,64,1,-7,-0.336280
317,9,405,150,27,70,1,-3,-4.575700
317,11,593,177,26,81,1,-5,-10.154000
317,12,631,179,22,78,1,-4,-10.834000
317,13,280,165,24,80,1,-7,-3.061500
317,14,261,198,23,82,1,-9,-4.407800
318,1,192,172,24,64,1,-7,-0.475680
318,9,411,150,27,70,1,-3,-4.716100
318,11,594,178,26,81,1,-5,-10.204000
318,12,632,180,22,78,1,-4,-10.881000
318,13,286,166,24,80,1,-7,-3.250100
318,14,260,197,23,82,1,-9,-4.341600
319,1,195,172,24,64,1,-7,-0.547710
319,9,416,150,28,70,1,-3,-4.856200
319,11,594,180,26,82,1,-5,-10.293000
319,12,632,181,22,78,1,-5,-10.909000
319,13,292,167,24,80,1,-7,-3.437100
319,14,259,197,23,82,1,-9,-4.321500
320,1,198,173,24,65,1,-7,-0.751110
320,9,422,150,28,69,1,-3,-4.943700
320,11,595,181,26,82,1,-5,-10.341000
320,12,633,182,22,79,1,-5,-10.984000
320,13,298,167,25,81,1,-7,-3.622600
320,14,259,196,23,82,1,-9,-4.274900
321,1,202,173,24,65,1,-7,-0.846110
321,9,427,150,28,69,1,-3,-5.060400
321,11,596,182,26,83,1,-5,-10.418000
321,12,634,183,22,79,1,-5,-11.030000
321,13,303,168,25,81,1,-7,-3.784600
321,14,260,196,23,82,1,-9,-4.295000
322,1,206,174,25,65,1,-7,-1.005300
322,9,433,150,28,69,1,-3,-5.200300
322,11,597,183,26,83,1,-5,-10.466000
322,12,634,184,22,79,1,-5,-11.057000
322,13,309,168,25,81,1,-7,-3.915400
322,14,261,196,23,82,1,-9,-4.315100
323,1,211,174,25,65,1,-7,-1.123100
323,9,438,150,28,69,1,-3,-5.316700
323,11,598,185,26,83,1,-5,-10.542000
323,12,635,186,22,80,1,-5,-11.157000
323,13,315,169,25,82,1,-7,-4.147900
323,14,263,196,24,83,1,-9,-4.421600
324,1,216,175,25,65,1,-7,-1.303600
324,9,443,150,28,69,1,-3,-5.432900
324,11,600,186,26,84,1,-6,-10.636000
324,12,635,187,22,80,1,-5,-11.183000
324,13,321,170,25,82,1,-7,-4.327300
324,14,266,197,24,83,1,-9,-4.527400
325,1,221,175,25,66,1,-7,-1.482600
325,9,448,150,28,69,1,-3,-5.548900
325,11,602,187,26,84,1,-6,-10.702000
325,12,637,188,22,80,1,-5,-11.248000
325,13,326,170,25,82,1,-7,-4.434500
325,14,269,197,25,83,1,-9,-4.587100
326,1,226,175,25,66,1,-7,-1.598700
326,9,454,150,28,69,1,-3,-5.687900
326,11,605,189,26,85,1,-6,-10.840000
326,12,638,189,22,81,1,-5,-11.318000
326,13,332,171,25,82,1,-7,-4.611900
326,14,273,198,25,83,1,-9,-4.711700
327,1,232,175,25,66,1,-7,-1.737700
327,9,459,150,28,69,1,-3,-5.803500
327,11,607,190,26,85,1,-6,-10.904000
327,12,640,190,22,81,1,-5,-11.382000
327,13,338,172,25,83,1,-7,-4.835600
327,14,277,199,26,83,1,-9,-4.855100
328,1,238,175,25,66,1,-7,-1.876400
328,9,464,150,28,69,1,-3,-5.919000
328,11,609,191,26,86,1,-6,-10.994000
328,12,642,191,22,81,1,-5,-11.445000
328,13,344,172,26,83,1,-7,-4.983300
328,14,281,200,27,83,1,-9,-4.977900
329,1,244,176,25,67,1,-7,-2.133700
329,9,468,150,28,69,1,-3,-6.011300
329,11,612,193,26,86,1,-6,-11.101000
329,12,644,192,22,82,1,-6,-11.532000
329,13,350,173,26,83,1,-7,-5.156200
329,14,286,201,27,83,1,-9,-5.119300
330,1,250,176,25,67,1,-7,-2.270600
330,9,473,150,28,69,1,-3,-6.126500
330,11,614,194,26,86,1,-6,-11.164000
330,12,646,193,22,82,1,-6,-11.594000
330,13,355,173,26,84,1,-7,-5.307000
330,14,290,202,28,83,1,-9,-5.259700
331,1,255,176,26,67,1,-7,-2.407100
331,9,477,151,28,70,1,-3,-6.313500
331,11,616,196,26,87,1,-6,-11.276000
331,12,648,194,22,82,1,-6,-11.656000
331,13,361,174,26,84,1,-7,-5.477300
331,14,294,203,28,83,1,-9,-5.379800
332,1,261,176,26,67,1,-7,-2.543300
332,9,480,151,28,70,1,-3,-6.381900
332,11,619,197,26,87,1,-6,-11.356000
332,12,651,195,23,83,1,-6,-11.760000
332,13,367,175,26,84,1,-7,-5.646300
332,14,298,204,29,83,1,-9,-5.499100
333,1,267,176,26,68,1,-7,-2.736100
333,9,482,152,28,70,1,-3,-6.474100
333,11,621,198,26,88,1,-7,-11.441000
333,12,653,197,23,83,1,-6,-11.844000
333,13,373,175,26,84,1,-7,-5.770000
333,14,302,205,30,83,1,-9,-5.636700
334,1,273,176,26,68,1,-7,-2.871200
334,9,483,153,27,70,1,-3,-6.520400
334,11,623,200,26,88,1,-7,-11.525000
334,12,656,198,23,83,1,-6,-11.922000
334,13,378,176,26,85,1,-7,-5.959900
334,14,307,206,30,83,1,-9,-5.773300
335,1,279,177,26,68,1,-7,-3.061500
335,9,483,155,27,70,1,-3,-6.612000
335,11,626,201,27,89,1,-7,-11.627000
335,12,658,200,23,84,1,-6,-12.028000
335,13,384,176,26,85,1,-7,-6.082400
335,14,311,207,31,83,1,-9,-5.889900
336,1,285,177,26,68,1,-7,-3.195400
336,9,482,156,27,70,1,-3,-6.635000
336,11,628,203,27,89,1,-7,-11.709000
336,12,660,201,23,84,1,-6,-12.087000
336,13,390,177,27,85,1,-7,-6.246900
336,14,315,208,31,84,1,-9,-6.045600
337,1,290,177,26,69,1,-7,-3.361100
337,9,480,157,27,71,1,-3,-6.680500
337,11,631,204,27,89,1,-7,-11.785000
337,12,663,203,23,84,1,-6,-12.185000
337,13,396,178,27,85,1,-7,-6.410300
337,14,320,209,31,84,1,-10,-6.179000
338,1,296,177,26,69,1,-7,-3.493900
338,9,478,159,27,71,1,-4,-6.725400
338,11,634,206,27,90,1,-7,-11.906000
338,12,665,204,23,85,1,-6,-12.265000
338,13,401,178,27,86,1,-7,-6.552200
338,14,325,210,31,84,1,-10,-6.311500
339,1,302,177,27,69,1,-7,-3.626500
339,9,475,160,27,71,1,-4,-6.703600
339,11,637,207,27,90,1,-7,-11.981000
339,12,668,206,23,85,1,-6,-12.362000
339,13,407,179,27,86,1,-7,-6.713200
339,14,331,211,31,85,1,-10,-6.499700
340,1,308,178,27,69,1,-7,-3.811300
340,9,472,162,27,71,1,-4,-6.726100
340,11,640,209,27,90,1,-7,-12.078000
340,12,670,208,23,85,1,-7,-12.440000
340,13,413,179,27,86,1,-7,-6.833200
340,14,336,212,31,85,1,-10,-6.629800
341,1,314,178,27,70,1,-7,-3.994500
341,9,469,163,27,71,1,-4,-6.704400
341,11,643,210,27,90,1,-7,-12.152000
341,12,673,209,23,86,1,-7,-12.535000
341,13,419,180,27,87,1,-7,-7.031600
341,14,341,213,31,86,1,-10,-6.795900
342,1,320,178,27,70,1,-7,-4.125300
342,9,465,165,27,71,1,-4,-6.705000
342,11,646,212,27,91,1,-7,-12.268000
342,12,675,211,23,86,1,-7,-12.611000
342,13,425,181,27,87,1,-7,-7.189000
342,14,347,214,31,86,1,-10,-6.942000
343,1,325,178,27,70,1,-7,-4.234000
343,9,462,166,27,71,1,-4,-6.683700
343,11,649,213,27,91,1,-7,-12.340000
343,12,678,213,23,86,1,-7,-12.704000
343,13,430,181,27,87,1,-7,-7.287600
343,14,352,215,30,87,1,-10,-7.104700
344,1,331,178,27,70,1,-6,-4.364300
344,9,457,167,27,71,1,-4,-6.619200
344,11,652,215,27,91,1,-7,-12.433000
344,12,680,214,23,87,1,-7,-12.779000
344,13,436,182,27,87,1,-7,-7.443400
344,14,357,217,30,87,1,-10,-7.265400
345,1,337,179,27,71,1,-7,-4.593300
345,9,452,168,27,71,1,-5,-6.555100
345,11,655,217,27,92,1,-8,-12.545000
345,12,683,216,23,87,1,-7,-12.870000
345,13,442,183,28,88,1,-7,-7.654400
345,14,362,218,31,88,1,-10,-7.424200
346,1,343,179,27,71,1,-7,-4.722100
346,9,447,169,27,71,1,-5,-6.491200
346,11,658,218,27,92,1,-8,-12.616000
346,12,686,217,23,87,1,-7,-12.941000
346,13,448,183,28,88,1,-7,-7.771100
346,14,367,219,31,88,1,-10,-7.547300
347,1,349,179,28,71,1,-6,-4.872000
347,9,442,169,27,71,1,-5,-6.383600
347,11,661,220,27,92,1,-8,-12.705000
347,12,689,219,23,88,1,-7,-13.049000
347,13,454,184,28,88,1,-7,-7.923500
347,14,372,220,32,89,1,-10,-7.720700
348,1,355,179,28,71,1,-6,-5.000300
348,9,437,170,27,71,1,-5,-6.320300
348,11,664,221,27,92,1,-8,-12.775000
348,12,692,220,23,88,1,-7,-13.119000
348,13,459,184,28,89,1,-7,-8.055600
348,14,376,222,32,89,1,-10,-7.857000
349,1,361,179,28,71,1,-6,-5.128300
349,9,431,171,27,71,1,-5,-6.235900
349,11,667,223,27,93,1,-8,-12.882000
349,12,695,222,23,88,1,-7,-13.206000
349,13,466,185,28,89,1,-7,-8.225100
349,14,381,223,33,90,1,-10,-8.009100
350,1,367,179,28,71,1,-6,-5.256000
350,9,426,171,27,71,1,-5,-6.128500
350,11,670,224,27,93,1,-8,-12.951000
350,12,699,223,23,88,1,-7,-13.292000
350,13,472,186,28,89,1,-7,-8.374300
350,14,385,225,34,90,1,-10,-8.159500
351,1,373,180,28,71,1,-6,-5.429900
351,9,420,172,27,71,1,-5,-6.044700
351,11,673,226,28,93,1,-8,-13.054000
351,12,702,224,23,89,1,-8,-13.378000
351,13,479,186,28,89,1,-7,-8.507900
351,14,390,226,34,91,1,-10,-8.308200
352,1,380,180,28,71,1,-6,-5.577900
352,9,415,173,27,71,1,-5,-5.982600
352,11,676,228,28,94,1,-8,-13.158000
352,12,705,226,23,89,1,-8,-13.463000
352,13,486,187,28,90,1,-7,-8.707600
352,14,395,228,35,91,1,-10,-8.455300
353,1,386,180,28,71,1,-6,-5.704400
353,9,410,173,27,71,1,-5,-5.875500
353,11,679,229,28,94,1,-8,-13.225000
353,12,709,227,22,89,1,-8,-13.547000
353,13,494,188,28,90,1,-7,-8.891300
353,14,400,229,35,92,1,-10,-8.600700
354,1,393,180,28,71,1,-6,-5.851800
354,9,404,174,27,72,1,-6,-5.838200
354,11,682,231,28,94,1,-8,-13.308000
354,12,712,228,22,89,1,-8,-13.614000
354,13,501,189,28,90,1,-7,-9.054900
354,14,404,230,34,92,1,-10,-8.698100
355,1,399,180,28,71,1,-6,-5.977900
355,9,399,174,27,72,1,-6,-5.731400
355,11,685,232,28,94,1,-8,-13.374000
355,12,715,230,22,90,1,-8,-13.713000
355,13,508,189,28,90,1,-7,-9.186200
355,14,410,232,34,92,1,-10,-8.857800
356,1,406,180,28,71,1,-6,-6.124800
356,9,394,175,27,72,1,-6,-5.670600
356,11,688,234,28,95,1,-8,-13.474000
356,12,719,231,22,90,1,-8,-13.796000
356,13,515,190,28,90,1,-7,-9.348200
356,14,415,233,33,93,1,-10,-8.982200
357,1,412,181,28,70,1,-6,-6.250400
357,9,389,175,27,72,1,-6,-5.563900
357,11,691,235,28,95,1,-9,-13.539000
357,12,722,233,22,90,1,-8,-13.877000
357,13,521,191,28,90,1,-7,-9.490500
357,14,420,235,32,93,1,-11,-9.122000
358,1,419,181,28,70,1,-6,-6.396700
358,9,384,175,27,72,1,-6,-5.457000
358,11,694,237,28,95,1,-9,-13.620000
358,12,725,234,22,90,1,-8,-13.942000
358,13,527,192,29,90,1,-7,-9.631800
358,14,425,236,31,93,1,-11,-9.216000
359,1,425,181,28,70,1,-6,-6.521900
359,9,380,175,27,72,1,-6,-5.371400
359,11,697,239,28,95,1,-9,-13.700000
359,12,728,235,22,90,1,-8,-14.006000
359,13,533,193,29,90,1,-7,-9.772300
359,14,431,238,30,93,1,-11,-9.369800
360,1,432,181,28,70,1,-6,-6.667700
360,9,375,174,27,72,1,-6,-5.216800
360,11,700,240,28,96,1,-9,-13.780000
360,12,731,236,22,91,1,-8,-14.086000
360,13,539,194,30,90,1,-7,-9.930200
360,14,436,239,30,93,1,-11,-9.478800
361,1,438,181,28,70,1,-6,-6.792400
361,9,371,174,27,72,1,-6,-5.130700
361,11,703,242,28,96,1,-9,-13.858000
361,12,734,237,22,91,1,-8,-14.149000
361,13,545,195,30,90,1,-7,-10.069000
361,14,442,240,30,94,1,-11,-9.629800
362,1,444,181,28,70,1,-6,-6.917000
362,9,367,174,27,72,1,-6,-5.044400
362,11,706,243,28,96,1,-9,-13.921000
362,12,735,238,21,91,1,-8,-14.165000
362,13,550,196,31,90,1,-7,-10.188000
362,14,447,242,30,94,1,-11,-9.763100
363,1,450,180,27,70,1,-6,-6.979700
363,9,362,174,27,72,1,-6,-4.936400
363,11,709,245,28,97,1,-9,-14.013000
363,13,556,197,31,90,1,-7,-10.325000
363,14,453,243,30,94,1,-11,-9.885600
364,1,456,180,27,70,1,-5,-7.104300
364,9,358,173,27,72,1,-6,-4.800900
364,11,712,246,28,97,1,-9,-14.075000
364,13,562,198,32,90,1,-7,-10.479000
364,14,458,244,30,95,1,-11,-10.017000
365,1,462,179,27,70,1,-5,-7.188400
365,9,353,173,27,72,1,-6,-4.692200
365,11,714,248,28,97,1,-9,-14.136000
365,13,567,199,32,90,1,-7,-10.596000
365,14,464,245,30,95,1,-11,-10.137000
366,1,467,178,27,70,1,-5,-7.252000
366,9,349,173,27,72,1,-6,-4.605200
366,11,716,249,28,97,1,-9,-14.181000
366,13,573,200,32,90,1,-7,-10.730000
366,14,469,247,31,95,1,-11,-10.266000
367,1,472,177,26,71,1,-5,-7.356100
367,9,344,173,27,72,1,-6,-4.496200
367,11,718,250,29,97,1,-9,-14.226000
367,13,579,201,33,90,1,-7,-10.864000
367,14,475,248,31,96,1,-11,-10.409000
368,1,477,176,26,71,1,-5,-7.420300
368,9,340,173,27,72,1,-6,-4.408900
368,13,584,202,33,90,1,-7,-10.979000
368,14,480,249,31,96,1,-11,-10.511000
369,1,482,175,26,71,1,-5,-7.484800
369,9,335,173,27,73,1,-6,-4.350300
369,13,590,203,34,90,1,-7,-11.129000
369,14,486,251,31,97,1,-11,-10.675000
370,1,486,174,26,72,1,-5,-7.568400
370,9,330,173,27,73,1,-6,-4.241200
370,13,596,204,34,90,1,-7,-11.260000
370,14,491,252,32,97,1,-11,-10.791000
371,1,491,173,25,72,1,-5,-7.612400
371,9,325,173,27,73,1,-6,-4.131900
371,13,602,205,34,90,1,-7,-11.390000
371,14,497,253,32,97,1,-11,-10.906000
372,1,495,172,25,72,1,-5,-7.656700
372,9,320,174,27,73,1,-7,-4.074000
372,13,608,206,34,91,1,-7,-11.543000
372,14,503,254,32,98,1,-11,-11.043000
373,1,499,171,25,72,1,-5,-7.701300
373,9,315,174,27,74,1,-7,-4.016400
373,13,614,207,34,91,1,-7,-11.671000
373,14,509,256,32,98,1,-11,-11.179000
374,1,504,170,25,72,1,-4,-7.767200
374,9,311,174,27,74,1,-7,-3.929100
374,13,621,208,34,91,1,-7,-11.816000
374,14,515,257,32,98,1,-11,-11.292000
375,1,508,169,25,71,1,-4,-7.772800
375,9,306,175,27,74,1,-7,-3.871800
375,13,627,209,34,91,1,-7,-11.943000
375,14,522,258,33,99,1,-11,-11.440000
376,1,512,168,25,71,1,-4,-7.818200
376,9,301,175,26,74,1,-7,-3.762800
376,13,633,210,34,92,1,-7,-12.091000
376,14,528,260,33,99,1,-11,-11.572000
377,1,516,167,26,70,1,-4,-7.845600
377,9,296,175,26,75,1,-7,-3.706000
377,13,639,211,34,92,1,-7,-12.216000
377,14,535,261,33,99,1,-11,-11.698000
378,1,521,166,26,70,1,-4,-7.913000
378,9,291,175,26,75,1,-7,-3.596800
378,13,645,212,33,92,1,-7,-12.323000
378,14,542,263,33,100,1,-11,-11.861000
379,1,525,165,26,69,1,-4,-7.919600
379,9,286,176,26,75,1,-7,-3.540500
379,13,652,213,33,93,1,-7,-12.484000
379,14,548,264,33,100,1,-11,-11.970000
380,1,530,164,26,69,1,-3,-7.987800
380,9,281,176,26,75,1,-7,-3.431400
380,13,658,214,33,93,1,-7,-12.607000
380,14,555,266,34,100,1,-11,-12.127000
381,1,534,163,26,68,1,-3,-7.995000
381,9,277,177,26,76,1,-7,-3.450200
381,13,664,215,33,93,1,-7,-12.728000
381,14,563,268,34,101,1,-11,-12.300000
382,1,539,162,27,67,1,-3,-8.024100
382,9,273,178,26,76,1,-7,-3.416200
382,13,670,216,33,94,1,-8,-12.869000
382,14,570,270,34,101,1,-11,-12.439000
383,1,543,161,27,67,1,-3,-8.071700
383,9,269,179,26,76,1,-8,-3.382400
383,13,676,217,33,94,1,-8,-12.989000
383,14,577,271,34,102,1,-11,-12.576000
384,1,547,160,27,66,1,-3,-8.079500
384,9,266,180,26,76,1,-8,-3.370300
384,13,683,218,33,94,1,-8,-13.125000
384,14,584,273,35,102,1,-11,-12.712000
385,1,551,159,27,65,1,-2,-8.087400
385,9,263,182,26,77,1,-8,-3.462800
385,13,689,219,33,95,1,-8,-13.262000
385,14,592,275,35,102,1,-11,-12.862000
386,1,554,157,27,65,1,-2,-8.073100
386,9,260,183,26,77,1,-8,-3.450600
386,13,695,220,33,95,1,-8,-13.380000
386,14,599,277,35,103,1,-11,-13.011000
387,1,557,156,27,65,1,-2,-8.099500
387,9,258,185,26,77,1,-8,-3.511300
387,13,701,221,33,95,1,-8,-13.497000
387,14,606,279,35,103,1,-12,-13.143000
388,1,559,155,27,65,1,-2,-8.103600
388,9,258,186,26,77,1,-8,-3.562500
388,13,708,222,32,95,1,-8,-13.630000
388,14,614,281,36,104,1,-12,-13.318000
389,1,562,154,27,64,1,-2,-8.089200
389,9,258,188,26,78,1,-8,-3.714300
389,13,714,223,32,96,1,-8,-13.763000
389,14,621,283,36,104,1,-12,-13.447000
390,1,564,152,27,64,1,-1,-8.051900
390,9,259,189,26,78,1,-8,-3.785100
390,13,721,224,31,96,1,-8,-13.878000
390,14,628,284,36,105,1,-12,-13.575000
391,1,567,151,26,64,1,-1,-8.078800
391,9,260,190,26,78,1,-9,-3.855500
391,13,728,225,29,97,1,-8,-14.008000
391,14,636,286,36,105,1,-12,-13.716000
392,1,569,150,26,64,1,-1,-8.082900
392,9,262,192,26,78,1,-9,-3.994900
392,13,734,225,27,98,1,-8,-14.105000
392,14,643,288,37,106,1,-12,-13.855000
393,1,572,149,26,64,1,-1,-8.110000
393,9,264,193,26,79,1,-9,-4.132600
393,13,739,226,26,98,1,-8,-14.202000
393,14,650,290,37,106,1,-12,-13.980000
394,1,575,147,26,63,1,-1,-8.053200
394,9,265,194,25,79,1,-9,-4.180400
394,14,657,292,37,107,1,-12,-14.116000
395,1,577,146,26,63,1,-1,-8.057300
395,9,267,196,25,79,1,-9,-4.315700
395,14,664,293,38,107,1,-12,-14.239000
396,1,580,145,26,63,1,-1,-8.084800
396,9,269,197,25,79,1,-9,-4.402800
396,14,671,295,38,108,1,-12,-14.373000
397,1,582,143,26,63,1,0,-8.046300
397,9,270,199,25,80,1,-9,-4.561400
397,14,677,296,38,108,1,-12,-14.467000
398,1,584,142,26,63,1,0,-8.050500
398,9,272,200,25,80,1,-9,-4.646700
398,14,682,296,38,108,1,-12,-14.534000
