1,1,1703,385,157,339,1,-1,-1.000000
1,3,1293,455,83,213,1,-1,-1.000000
1,4,259,449,101,261,1,-1,-1.000000
1,5,1253,529,55,127,1,-1,-1.000000
2,1,1699,383,159,341,1,-1,-1.000000
2,3,1293,455,83,213,1,-1,-1.000000
2,4,261,447,101,263,1,-1,-1.000000
2,5,1253,529,55,127,1,-1,-1.000000
3,1,1697,383,159,343,1,-1,-1.000000
3,3,1293,455,83,213,1,-1,-1.000000
3,4,263,447,101,263,1,-1,-1.000000
3,5,1255,529,55,127,1,-1,-1.000000
4,1,1695,383,159,343,1,-1,-1.000000
4,3,1293,455,83,213,1,-1,-1.000000
4,4,265,447,101,263,1,-1,-1.000000
4,5,1257,529,55,127,1,-1,-1.000000
5,1,1693,381,159,347,1,-1,-1.000000
5,3,1295,455,83,213,1,-1,-1.000000
5,4,267,447,101,263,1,-1,-1.000000
5,5,1259,529,55,129,1,-1,-1.000000
6,1,1689,381,161,349,1,-1,-1.000000
6,3,1297,455,83,213,1,-1,-1.000000
6,4,269,447,103,263,1,-1,-1.000000
6,5,1261,529,55,129,1,-1,-1.000000
7,1,1687,381,161,349,1,-1,-1.000000
7,3,1299,455,83,213,1,-1,-1.000000
7,4,271,447,103,263,1,-1,-1.000000
7,5,1263,529,55,129,1,-1,-1.000000
8,1,1685,379,161,353,1,-1,-1.000000
8,3,1301,455,83,213,1,-1,-1.000000
8,4,273,447,103,263,1,-1,-1.000000
8,5,1265,529,55,131,1,-1,-1.000000
9,1,1683,379,161,353,1,-1,-1.000000
9,3,1303,455,83,213,1,-1,-1.000000
9,4,275,447,103,263,1,-1,-1.000000
9,5,1267,529,53,131,1,-1,-1.000000
10,1,1679,379,163,355,1,-1,-1.000000
10,3,1305,455,83,213,1,-1,-1.000000
10,4,277,445,105,265,1,-1,-1.000000
10,5,1269,529,53,131,1,-1,-1.000000
11,1,1677,379,165,357,1,-1,-1.000000
11,3,1307,455,83,213,1,-1,-1.000000
11,4,279,445,105,265,1,-1,-1.000000
11,5,1271,529,53,133,1,-1,-1.000000
12,1,1675,377,165,359,1,-1,-1.000000
12,3,1309,455,83,213,1,-1,-1.000000
12,4,281,445,105,265,1,-1,-1.000000
12,5,1273,529,53,133,1,-1,-1.000000
13,1,1673,377,165,361,1,-1,-1.000000
13,3,1313,455,83,215,1,-1,-1.000000
13,4,283,445,105,265,1,-1,-1.000000
13,5,1273,529,55,133,1,-1,-1.000000
14,1,1669,377,167,361,1,-1,-1.000000
14,3,1315,455,83,215,1,-1,-1.000000
14,4,285,445,105,265,1,-1,-1.000000
14,5,1275,529,55,135,1,-1,-1.000000
15,1,1667,375,167,365,1,-1,-1.000000
15,3,1317,455,83,215,1,-1,-1.000000
15,4,287,445,107,265,1,-1,-1.000000
15,5,1277,529,55,135,1,-1,-1.000000
15,22,1797,441,73,183,1,-1,-1.000000
16,1,1665,375,167,367,1,-1,-1.000000
16,3,1319,455,83,215,1,-1,-1.000000
16,4,291,445,105,265,1,-1,-1.000000
16,5,1279,529,53,135,1,-1,-1.000000
16,22,1797,439,73,183,1,-1,-1.000000
17,1,1663,375,167,367,1,-1,-1.000000
17,3,1321,455,83,215,1,-1,-1.000000
17,4,293,445,105,265,1,-1,-1.000000
17,5,1281,529,53,137,1,-1,-1.000000
17,22,1799,439,73,183,1,-1,-1.000000
18,1,1659,375,169,369,1,-1,-1.000000
18,3,1323,455,83,215,1,-1,-1.000000
18,4,295,443,105,267,1,-1,-1.000000
18,5,1283,529,53,137,1,-1,-1.000000
18,22,1801,439,71,183,1,-1,-1.000000
19,1,1657,373,169,371,1,-1,-1.000000
19,3,1325,455,83,215,1,-1,-1.000000
19,4,297,443,107,269,1,-1,-1.000000
19,5,1285,529,53,137,1,-1,-1.000000
19,22,1803,439,71,183,1,-1,-1.000000
20,1,1655,373,169,373,1,-1,-1.000000
20,3,1327,455,83,215,1,-1,-1.000000
20,4,299,443,107,269,1,-1,-1.000000
20,5,1287,529,53,139,1,-1,-1.000000
20,22,1805,439,71,183,1,-1,-1.000000
21,1,1653,373,171,375,1,-1,-1.000000
21,3,1331,457,83,215,1,-1,-1.000000
21,4,301,443,107,269,1,-1,-1.000000
21,5,1289,529,53,139,1,-1,-1.000000
21,22,1807,439,69,183,1,-1,-1.000000
22,1,1649,371,173,377,1,-1,-1.000000
22,2,7,237,241,673,1,-1,-1.000000
22,3,1331,457,83,215,1,-1,-1.000000
22,4,303,443,107,269,1,-1,-1.000000
22,5,1291,529,53,139,1,-1,-1.000000
22,22,1809,439,69,183,1,-1,-1.000000
23,1,1647,371,173,379,1,-1,-1.000000
23,2,5,237,249,673,1,-1,-1.000000
23,3,1331,457,83,215,1,-1,-1.000000
23,4,305,443,107,269,1,-1,-1.000000
23,5,1293,531,53,139,1,-1,-1.000000
23,22,1811,439,69,183,1,-1,-1.000000
24,1,1645,371,173,379,1,-1,-1.000000
24,2,5,237,255,673,1,-1,-1.000000
24,3,1331,457,83,215,1,-1,-1.000000
24,4,307,443,109,269,1,-1,-1.000000
24,5,1293,531,53,139,1,-1,-1.000000
24,22,1811,439,69,183,1,-1,-1.000000
25,1,1643,371,173,381,1,-1,-1.000000
25,2,5,237,261,673,1,-1,-1.000000
25,3,1331,457,83,215,1,-1,-1.000000
25,4,309,443,109,269,1,-1,-1.000000
25,5,1293,531,53,139,1,-1,-1.000000
25,22,1813,439,69,183,1,-1,-1.000000
26,1,1639,369,175,385,1,-1,-1.000000
26,2,5,239,267,671,1,-1,-1.000000
26,3,1331,457,83,215,1,-1,-1.000000
26,4,311,441,109,271,1,-1,-1.000000
26,5,1295,531,53,139,1,-1,-1.000000
26,22,1815,439,67,181,1,-1,-1.000000
27,1,1637,369,175,385,1,-1,-1.000000
27,2,15,239,275,669,1,-1,-1.000000
27,3,1331,457,83,215,1,-1,-1.000000
27,4,313,441,109,271,1,-1,-1.000000
27,5,1295,531,53,139,1,-1,-1.000000
27,22,1817,439,67,181,1,-1,-1.000000
28,1,1635,369,175,387,1,-1,-1.000000
28,2,27,239,281,669,1,-1,-1.000000
28,3,1331,457,83,215,1,-1,-1.000000
28,4,315,441,111,271,1,-1,-1.000000
28,5,1297,531,53,139,1,-1,-1.000000
28,22,1819,439,67,181,1,-1,-1.000000
29,1,1633,367,175,389,1,-1,-1.000000
29,2,39,239,287,669,1,-1,-1.000000
29,3,1333,457,83,215,1,-1,-1.000000
29,4,317,441,111,271,1,-1,-1.000000
29,5,1297,531,53,139,1,-1,-1.000000
29,22,1821,439,65,181,1,-1,-1.000000
30,1,1629,367,179,391,1,-1,-1.000000
30,2,49,241,295,667,1,-1,-1.000000
30,3,1333,457,83,215,1,-1,-1.000000
30,4,319,441,111,271,1,-1,-1.000000
30,5,1297,531,55,139,1,-1,-1.000000
30,22,1823,439,65,181,1,-1,-1.000000
31,1,1627,367,179,393,1,-1,-1.000000
31,2,61,241,301,667,1,-1,-1.000000
31,3,1333,457,83,215,1,-1,-1.000000
31,4,323,441,109,271,1,-1,-1.000000
31,5,1299,531,53,139,1,-1,-1.000000
31,22,1825,439,65,181,1,-1,-1.000000
32,1,1625,365,179,395,1,-1,-1.000000
32,2,73,241,307,667,1,-1,-1.000000
32,3,1333,457,83,215,1,-1,-1.000000
32,4,325,441,109,271,1,-1,-1.000000
32,5,1299,531,55,139,1,-1,-1.000000
32,22,1825,439,65,181,1,-1,-1.000000
33,1,1623,365,179,397,1,-1,-1.000000
33,2,83,243,315,665,1,-1,-1.000000
33,3,1333,457,83,215,1,-1,-1.000000
33,4,327,441,111,271,1,-1,-1.000000
33,5,1301,531,53,139,1,-1,-1.000000
33,22,1827,439,65,181,1,-1,-1.000000
34,1,1619,365,181,397,1,-1,-1.000000
34,2,95,243,321,665,1,-1,-1.000000
34,3,1333,457,83,215,1,-1,-1.000000
34,4,329,439,111,273,1,-1,-1.000000
34,5,1301,531,55,139,1,-1,-1.000000
34,22,1829,439,63,181,1,-1,-1.000000
35,1,1617,365,181,399,1,-1,-1.000000
35,2,107,243,327,665,1,-1,-1.000000
35,3,1333,457,83,215,1,-1,-1.000000
35,4,331,439,111,273,1,-1,-1.000000
35,5,1301,531,55,139,1,-1,-1.000000
35,22,1831,439,63,181,1,-1,-1.000000
36,1,1615,363,181,403,1,-1,-1.000000
36,2,119,245,335,663,1,-1,-1.000000
36,3,1333,457,83,215,1,-1,-1.000000
36,4,333,439,111,273,1,-1,-1.000000
36,5,1303,531,53,139,1,-1,-1.000000
36,22,1833,437,63,181,1,-1,-1.000000
37,1,1613,363,181,403,1,-1,-1.000000
37,2,137,245,327,659,1,-1,-1.000000
37,3,1335,457,83,215,1,-1,-1.000000
37,4,335,439,113,275,1,-1,-1.000000
37,5,1303,531,55,139,1,-1,-1.000000
37,22,1835,437,61,181,1,-1,-1.000000
38,1,1609,363,183,405,1,-1,-1.000000
38,2,157,245,319,657,1,-1,-1.000000
38,3,1335,457,83,215,1,-1,-1.000000
38,4,337,439,113,275,1,-1,-1.000000
38,5,1305,531,53,139,1,-1,-1.000000
38,22,1837,437,61,181,1,-1,-1.000000
39,1,1607,361,183,407,1,-1,-1.000000
39,2,175,245,313,653,1,-1,-1.000000
39,3,1335,457,83,215,1,-1,-1.000000
39,4,339,439,113,275,1,-1,-1.000000
39,5,1305,531,55,139,1,-1,-1.000000
39,22,1839,437,61,181,1,-1,-1.000000
40,1,1605,361,185,409,1,-1,-1.000000
40,2,195,247,305,649,1,-1,-1.000000
40,3,1335,457,83,215,1,-1,-1.000000
40,4,341,439,113,275,1,-1,-1.000000
40,5,1305,531,55,139,1,-1,-1.000000
40,22,1839,437,61,181,1,-1,-1.000000
41,1,1603,361,185,411,1,-1,-1.000000
41,2,213,247,299,647,1,-1,-1.000000
41,3,1335,457,83,215,1,-1,-1.000000
41,4,343,439,113,275,1,-1,-1.000000
41,5,1307,531,55,139,1,-1,-1.000000
41,22,1841,437,61,181,1,-1,-1.000000
42,1,1599,361,187,411,1,-1,-1.000000
42,2,233,247,291,643,1,-1,-1.000000
42,3,1335,457,83,215,1,-1,-1.000000
42,4,345,437,115,277,1,-1,-1.000000
42,5,1307,531,55,139,1,-1,-1.000000
42,22,1843,437,59,181,1,-1,-1.000000
43,1,1597,359,187,415,1,-1,-1.000000
43,2,251,249,285,639,1,-1,-1.000000
43,3,1335,457,83,215,1,-1,-1.000000
43,4,347,437,115,277,1,-1,-1.000000
43,5,1309,531,55,139,1,-1,-1.000000
43,22,1845,437,59,181,1,-1,-1.000000
44,1,1595,359,187,415,1,-1,-1.000000
44,2,271,249,277,635,1,-1,-1.000000
44,3,1335,457,83,215,1,-1,-1.000000
44,4,349,437,115,277,1,-1,-1.000000
44,5,1309,531,55,139,1,-1,-1.000000
44,22,1847,437,59,181,1,-1,-1.000000
45,1,1593,359,187,417,1,-1,-1.000000
45,2,289,249,271,633,1,-1,-1.000000
45,3,1337,457,83,215,1,-1,-1.000000
45,4,351,437,115,277,1,-1,-1.000000
45,5,1311,531,55,139,1,-1,-1.000000
45,22,1849,437,57,181,1,-1,-1.000000
46,1,1589,357,189,421,1,-1,-1.000000
46,2,309,251,263,629,1,-1,-1.000000
46,3,1337,457,83,215,1,-1,-1.000000
46,4,355,437,115,277,1,-1,-1.000000
46,5,1311,531,55,137,1,-1,-1.000000
46,6,1779,307,141,489,1,-1,-1.000000
46,22,1851,437,57,179,1,-1,-1.000000
47,1,1587,357,189,421,1,-1,-1.000000
47,2,327,251,257,625,1,-1,-1.000000
47,3,1337,457,83,215,1,-1,-1.000000
47,4,357,437,115,277,1,-1,-1.000000
47,5,1311,531,55,137,1,-1,-1.000000
47,6,1777,305,143,491,1,-1,-1.000000
47,22,1853,437,57,179,1,-1,-1.000000
48,1,1585,357,189,423,1,-1,-1.000000
48,2,347,251,249,623,1,-1,-1.000000
48,3,1337,457,83,215,1,-1,-1.000000
48,4,359,437,115,277,1,-1,-1.000000
48,5,1311,531,55,137,1,-1,-1.000000
48,6,1775,303,145,495,1,-1,-1.000000
48,22,1853,437,57,179,1,-1,-1.000000
49,1,1583,357,191,425,1,-1,-1.000000
49,2,367,253,241,619,1,-1,-1.000000
49,3,1337,457,83,215,1,-1,-1.000000
49,4,361,437,115,277,1,-1,-1.000000
49,5,1311,531,55,137,1,-1,-1.000000
49,6,1775,301,145,499,1,-1,-1.000000
49,22,1855,437,57,179,1,-1,-1.000000
50,1,1579,355,191,429,1,-1,-1.000000
50,2,381,253,239,615,1,-1,-1.000000
50,3,1337,457,83,215,1,-1,-1.000000
50,4,363,437,115,277,1,-1,-1.000000
50,5,1311,531,55,137,1,-1,-1.000000
50,6,1773,299,147,503,1,-1,-1.000000
50,22,1857,437,55,179,1,-1,-1.000000
51,1,1575,355,193,431,1,-1,-1.000000
51,2,395,255,239,611,1,-1,-1.000000
51,3,1337,457,83,215,1,-1,-1.000000
51,4,365,435,117,279,1,-1,-1.000000
51,5,1311,531,55,137,1,-1,-1.000000
51,6,1771,299,149,503,1,-1,-1.000000
51,22,1859,437,55,179,1,-1,-1.000000
52,1,1571,353,193,435,1,-1,-1.000000
52,2,409,255,239,609,1,-1,-1.000000
52,3,1337,457,83,215,1,-1,-1.000000
52,4,367,435,117,279,1,-1,-1.000000
52,5,1311,531,55,137,1,-1,-1.000000
52,6,1771,297,149,507,1,-1,-1.000000
52,22,1861,437,55,179,1,-1,-1.000000
53,1,1567,353,195,437,1,-1,-1.000000
53,2,425,257,237,605,1,-1,-1.000000
53,3,1339,457,83,215,1,-1,-1.000000
53,4,369,435,117,279,1,-1,-1.000000
53,5,1311,531,55,137,1,-1,-1.000000
53,6,1769,295,151,511,1,-1,-1.000000
53,22,1863,437,53,179,1,-1,-1.000000
54,1,1563,353,195,439,1,-1,-1.000000
54,2,439,259,235,601,1,-1,-1.000000
54,3,1339,457,83,215,1,-1,-1.000000
54,4,371,435,117,279,1,-1,-1.000000
54,5,1311,531,55,137,1,-1,-1.000000
54,6,1767,293,153,515,1,-1,-1.000000
54,22,1865,437,53,179,1,-1,-1.000000
55,1,1559,351,197,443,1,-1,-1.000000
55,2,453,259,235,597,1,-1,-1.000000
55,3,1339,457,83,215,1,-1,-1.000000
55,4,373,435,119,281,1,-1,-1.000000
55,5,1311,531,55,137,1,-1,-1.000000
55,6,1767,291,153,519,1,-1,-1.000000
55,22,1867,437,53,179,1,-1,-1.000000
56,1,1555,351,197,447,1,-1,-1.000000
56,2,467,261,235,593,1,-1,-1.000000
56,3,1339,457,83,215,1,-1,-1.000000
56,4,375,435,119,281,1,-1,-1.000000
56,5,1311,531,55,137,1,-1,-1.000000
56,6,1765,291,155,519,1,-1,-1.000000
56,22,1867,437,53,179,1,-1,-1.000000
57,1,1551,349,199,451,1,-1,-1.000000
57,2,483,263,233,589,1,-1,-1.000000
57,3,1339,457,83,215,1,-1,-1.000000
57,4,377,435,119,281,1,-1,-1.000000
57,5,1311,531,55,137,1,-1,-1.000000
57,6,1763,289,157,523,1,-1,-1.000000
57,22,1869,437,51,179,1,-1,-1.000000
58,1,1547,349,199,453,1,-1,-1.000000
58,2,497,263,231,587,1,-1,-1.000000
58,3,1339,457,83,215,1,-1,-1.000000
58,4,379,435,119,281,1,-1,-1.000000
58,5,1311,531,55,137,1,-1,-1.000000
58,6,1763,287,157,527,1,-1,-1.000000
58,22,1871,437,49,179,1,-1,-1.000000
59,1,1543,349,201,455,1,-1,-1.000000
59,2,511,265,231,583,1,-1,-1.000000
59,3,1339,457,83,215,1,-1,-1.000000
59,4,381,433,119,283,1,-1,-1.000000
59,5,1311,531,55,137,1,-1,-1.000000
59,6,1761,285,159,531,1,-1,-1.000000
59,22,1873,437,47,179,1,-1,-1.000000
60,1,1539,347,201,459,1,-1,-1.000000
60,2,525,265,231,581,1,-1,-1.000000
60,3,1339,457,83,215,1,-1,-1.000000
60,4,383,433,121,283,1,-1,-1.000000
60,5,1311,531,55,137,1,-1,-1.000000
60,6,1761,285,159,533,1,-1,-1.000000
60,22,1875,437,45,179,1,-1,-1.000000
61,1,1535,347,203,461,1,-1,-1.000000
61,2,541,267,229,575,1,-1,-1.000000
61,3,1341,457,83,215,1,-1,-1.000000
61,4,387,433,119,283,1,-1,-1.000000
61,5,1311,531,55,137,1,-1,-1.000000
61,6,1757,283,161,535,1,-1,-1.000000
61,22,1877,437,43,179,1,-1,-1.000000
62,1,1531,345,203,465,1,-1,-1.000000
62,2,555,269,229,571,1,-1,-1.000000
62,3,1339,455,83,215,1,-1,-1.000000
62,4,389,433,119,283,1,-1,-1.000000
62,5,1311,531,55,137,1,-1,-1.000000
62,6,1753,281,165,539,1,-1,-1.000000
62,22,1879,437,41,179,1,-1,-1.000000
63,1,1527,345,205,469,1,-1,-1.000000
63,2,569,269,227,569,1,-1,-1.000000
63,3,1339,455,83,215,1,-1,-1.000000
63,4,391,433,119,283,1,-1,-1.000000
63,5,1311,531,55,137,1,-1,-1.000000
63,6,1749,279,167,543,1,-1,-1.000000
63,22,1881,437,39,181,1,-1,-1.000000
64,1,1523,345,205,471,1,-1,-1.000000
64,2,583,271,227,565,1,-1,-1.000000
64,3,1339,455,83,215,1,-1,-1.000000
64,4,393,433,121,283,1,-1,-1.000000
64,5,1311,531,55,137,1,-1,-1.000000
64,6,1745,277,171,547,1,-1,-1.000000
64,22,1881,437,39,181,1,-1,-1.000000
65,1,1519,343,207,475,1,-1,-1.000000
65,2,599,273,225,561,1,-1,-1.000000
65,3,1339,455,83,215,1,-1,-1.000000
65,4,395,433,121,283,1,-1,-1.000000
65,5,1311,531,57,137,1,-1,-1.000000
65,6,1741,275,173,551,1,-1,-1.000000
65,22,1883,437,37,181,1,-1,-1.000000
66,1,1515,343,207,477,1,-1,-1.000000
66,2,613,273,225,559,1,-1,-1.000000
66,3,1339,455,83,215,1,-1,-1.000000
66,4,397,433,121,283,1,-1,-1.000000
66,5,1311,531,57,137,1,-1,-1.000000
66,6,1739,273,175,553,1,-1,-1.000000
66,22,1885,437,35,181,1,-1,-1.000000
67,1,1511,341,209,481,1,-1,-1.000000
67,2,627,275,223,553,1,-1,-1.000000
67,3,1337,455,83,215,1,-1,-1.000000
67,4,399,431,121,285,1,-1,-1.000000
67,5,1311,531,57,137,1,-1,-1.000000
67,6,1735,273,177,555,1,-1,-1.000000
67,22,1887,437,33,181,1,-1,-1.000000
68,1,1507,341,209,483,1,-1,-1.000000
68,2,641,275,223,551,1,-1,-1.000000
68,3,1337,455,83,215,1,-1,-1.000000
68,4,401,431,121,285,1,-1,-1.000000
68,5,1311,531,57,137,1,-1,-1.000000
68,6,1731,271,181,559,1,-1,-1.000000
68,12,241,473,93,241,1,-1,-1.000000
68,22,1889,437,31,181,1,-1,-1.000000
69,1,1505,341,209,487,1,-1,-1.000000
69,2,657,277,221,547,1,-1,-1.000000
69,3,1337,455,83,215,1,-1,-1.000000
69,4,403,431,123,285,1,-1,-1.000000
69,5,1311,531,57,137,1,-1,-1.000000
69,6,1727,269,183,563,1,-1,-1.000000
69,12,243,471,91,241,1,-1,-1.000000
69,22,1891,437,29,181,1,-1,-1.000000
70,1,1499,339,211,489,1,-1,-1.000000
70,2,671,279,221,543,1,-1,-1.000000
70,3,1337,455,83,215,1,-1,-1.000000
70,4,405,431,123,285,1,-1,-1.000000
70,5,1311,531,57,137,1,-1,-1.000000
70,6,1723,267,187,567,1,-1,-1.000000
70,12,245,471,91,239,1,-1,-1.000000
70,22,1893,437,27,181,1,-1,-1.000000
71,1,1495,339,211,491,1,-1,-1.000000
71,2,685,279,221,541,1,-1,-1.000000
71,3,1337,455,83,215,1,-1,-1.000000
71,4,407,431,123,285,1,-1,-1.000000
71,5,1311,531,57,137,1,-1,-1.000000
71,6,1719,265,189,571,1,-1,-1.000000
71,12,247,471,91,239,1,-1,-1.000000
71,22,1895,437,25,181,1,-1,-1.000000
72,1,1491,337,211,493,1,-1,-1.000000
72,2,699,281,219,535,1,-1,-1.000000
72,3,1337,455,83,215,1,-1,-1.000000
72,4,409,431,123,285,1,-1,-1.000000
72,5,1311,531,57,137,1,-1,-1.000000
72,6,1717,263,191,573,1,-1,-1.000000
72,12,247,469,91,241,1,-1,-1.000000
73,1,1487,337,211,495,1,-1,-1.000000
73,2,715,283,217,531,1,-1,-1.000000
73,3,1335,455,83,215,1,-1,-1.000000
73,4,411,431,125,287,1,-1,-1.000000
73,5,1311,531,57,137,1,-1,-1.000000
73,6,1713,261,193,577,1,-1,-1.000000
73,12,249,469,91,241,1,-1,-1.000000
74,1,1481,335,213,499,1,-1,-1.000000
74,2,729,283,217,529,1,-1,-1.000000
74,3,1335,455,83,215,1,-1,-1.000000
74,4,413,431,125,287,1,-1,-1.000000
74,5,1311,531,57,137,1,-1,-1.000000
74,6,1709,261,197,579,1,-1,-1.000000
74,12,249,467,93,243,1,-1,-1.000000
75,1,1477,335,213,499,1,-1,-1.000000
75,2,743,285,217,525,1,-1,-1.000000
75,3,1335,455,83,215,1,-1,-1.000000
75,4,415,429,125,289,1,-1,-1.000000
75,5,1311,531,57,137,1,-1,-1.000000
75,6,1705,259,199,583,1,-1,-1.000000
75,12,251,467,91,243,1,-1,-1.000000
76,1,1473,333,215,503,1,-1,-1.000000
76,2,757,285,215,523,1,-1,-1.000000
76,3,1335,455,83,215,1,-1,-1.000000
76,4,419,429,123,289,1,-1,-1.000000
76,5,1311,531,57,137,1,-1,-1.000000
76,6,1701,257,203,587,1,-1,-1.000000
76,12,251,467,93,243,1,-1,-1.000000
77,1,1469,333,215,503,1,-1,-1.000000
77,2,773,287,213,519,1,-1,-1.000000
77,3,1335,455,83,215,1,-1,-1.000000
77,4,421,429,123,289,1,-1,-1.000000
77,5,1311,531,57,137,1,-1,-1.000000
77,6,1699,255,203,591,1,-1,-1.000000
77,12,253,465,93,247,1,-1,-1.000000
78,1,1463,331,217,507,1,-1,-1.000000
78,2,787,289,213,513,1,-1,-1.000000
78,3,1335,455,83,215,1,-1,-1.000000
78,4,423,429,125,289,1,-1,-1.000000
78,5,1311,531,57,137,1,-1,-1.000000
78,6,1695,253,207,593,1,-1,-1.000000
78,12,253,465,95,247,1,-1,-1.000000
79,1,1459,331,217,509,1,-1,-1.000000
79,2,801,289,213,511,1,-1,-1.000000
79,3,1333,455,83,215,1,-1,-1.000000
79,4,425,429,125,289,1,-1,-1.000000
79,5,1311,531,57,137,1,-1,-1.000000
79,6,1691,251,209,597,1,-1,-1.000000
79,12,255,465,93,247,1,-1,-1.000000
80,1,1455,329,217,511,1,-1,-1.000000
80,2,815,291,213,507,1,-1,-1.000000
80,3,1333,455,83,215,1,-1,-1.000000
80,4,427,429,125,289,1,-1,-1.000000
80,5,1311,531,57,137,1,-1,-1.000000
80,6,1687,249,213,601,1,-1,-1.000000
80,12,255,463,95,249,1,-1,-1.000000
81,1,1451,329,217,513,1,-1,-1.000000
81,2,831,293,209,503,1,-1,-1.000000
81,3,1333,455,83,215,1,-1,-1.000000
81,4,429,429,125,289,1,-1,-1.000000
81,5,1311,531,57,137,1,-1,-1.000000
81,6,1683,249,215,603,1,-1,-1.000000
81,12,257,463,95,249,1,-1,-1.000000
82,1,1445,327,221,515,1,-1,-1.000000
82,2,845,293,209,501,1,-1,-1.000000
82,3,1333,455,83,215,1,-1,-1.000000
82,4,431,429,127,289,1,-1,-1.000000
82,5,1311,531,57,137,1,-1,-1.000000
82,6,1679,247,219,607,1,-1,-1.000000
82,12,257,463,97,249,1,-1,-1.000000
83,1,1441,327,221,517,1,-1,-1.000000
83,2,859,295,209,497,1,-1,-1.000000
83,3,1333,455,83,215,1,-1,-1.000000
83,4,433,427,127,291,1,-1,-1.000000
83,5,1311,531,57,137,1,-1,-1.000000
83,6,1677,245,219,609,1,-1,-1.000000
83,12,259,461,95,253,1,-1,-1.000000
84,1,1437,325,221,521,1,-1,-1.000000
84,2,873,295,209,493,1,-1,-1.000000
84,3,1333,455,83,215,1,-1,-1.000000
84,4,435,427,127,291,1,-1,-1.000000
84,5,1311,531,57,137,1,-1,-1.000000
84,6,1673,243,223,613,1,-1,-1.000000
84,12,259,461,97,253,1,-1,-1.000000
85,1,1433,325,221,521,1,-1,-1.000000
85,2,889,297,205,489,1,-1,-1.000000
85,3,1331,455,83,215,1,-1,-1.000000
85,4,437,427,127,291,1,-1,-1.000000
85,5,1311,533,59,135,1,-1,-1.000000
85,6,1669,241,225,617,1,-1,-1.000000
85,12,261,461,97,253,1,-1,-1.000000
86,1,1427,323,223,525,1,-1,-1.000000
86,2,903,299,205,485,1,-1,-1.000000
86,3,1331,455,83,215,1,-1,-1.000000
86,4,439,427,127,291,1,-1,-1.000000
86,5,1311,531,59,137,1,-1,-1.000000
86,6,1665,239,229,621,1,-1,-1.000000
86,12,261,459,99,255,1,-1,-1.000000
87,1,1423,323,223,525,1,-1,-1.000000
87,2,917,299,205,483,1,-1,-1.000000
87,3,1331,455,83,215,1,-1,-1.000000
87,4,441,427,129,291,1,-1,-1.000000
87,5,1311,531,59,137,1,-1,-1.000000
87,6,1661,237,231,625,1,-1,-1.000000
87,12,263,459,97,255,1,-1,-1.000000
88,1,1419,321,225,529,1,-1,-1.000000
88,2,931,301,205,479,1,-1,-1.000000
88,3,1331,455,83,215,1,-1,-1.000000
88,4,443,427,129,291,1,-1,-1.000000
88,5,1311,531,59,137,1,-1,-1.000000
88,6,1657,237,235,627,1,-1,-1.000000
88,12,263,459,99,255,1,-1,-1.000000
89,1,1415,321,225,531,1,-1,-1.000000
89,2,947,303,203,475,1,-1,-1.000000
89,3,1331,455,83,215,1,-1,-1.000000
89,4,445,427,129,291,1,-1,-1.000000
89,5,1311,531,59,137,1,-1,-1.000000
89,6,1655,235,235,629,1,-1,-1.000000
89,12,265,457,99,259,1,-1,-1.000000
90,1,1409,319,227,533,1,-1,-1.000000
90,2,955,303,201,471,1,-1,-1.000000
90,3,1331,455,83,215,1,-1,-1.000000
90,4,447,427,129,291,1,-1,-1.000000
90,5,1311,531,59,137,1,-1,-1.000000
90,6,1651,233,239,633,1,-1,-1.000000
90,12,267,457,99,259,1,-1,-1.000000
91,1,1405,319,227,535,1,-1,-1.000000
91,2,965,305,199,467,1,-1,-1.000000
91,3,1329,455,83,215,1,-1,-1.000000
91,4,451,427,129,293,1,-1,-1.000000
91,5,1311,531,59,137,1,-1,-1.000000
91,6,1647,231,241,637,1,-1,-1.000000
91,12,267,457,99,259,1,-1,-1.000000
92,1,1401,317,227,537,1,-1,-1.000000
92,2,975,305,197,465,1,-1,-1.000000
92,3,1329,455,83,215,1,-1,-1.000000
92,4,451,425,129,295,1,-1,-1.000000
92,5,1311,531,59,137,1,-1,-1.000000
92,6,1643,229,245,641,1,-1,-1.000000
92,12,269,455,99,261,1,-1,-1.000000
93,1,1397,317,227,539,1,-1,-1.000000
93,2,985,307,195,461,1,-1,-1.000000
93,3,1329,455,83,215,1,-1,-1.000000
93,4,451,425,129,295,1,-1,-1.000000
93,5,1311,531,61,137,1,-1,-1.000000
93,6,1639,227,247,645,1,-1,-1.000000
93,12,269,455,101,261,1,-1,-1.000000
94,1,1393,317,229,541,1,-1,-1.000000
94,2,993,307,195,459,1,-1,-1.000000
94,3,1329,455,83,215,1,-1,-1.000000
94,4,451,423,129,297,1,-1,-1.000000
94,5,1311,531,61,137,1,-1,-1.000000
94,6,1637,227,249,647,1,-1,-1.000000
94,12,271,455,101,261,1,-1,-1.000000
95,1,1383,315,231,545,1,-1,-1.000000
95,2,1003,309,193,455,1,-1,-1.000000
95,3,1329,455,83,215,1,-1,-1.000000
95,4,451,423,129,297,1,-1,-1.000000
95,5,1311,531,61,139,1,-1,-1.000000
95,6,1631,225,249,651,1,-1,-1.000000
95,12,271,453,101,265,1,-1,-1.000000
96,1,1375,313,233,551,1,-1,-1.000000
96,2,1013,309,191,453,1,-1,-1.000000
96,3,1329,455,83,215,1,-1,-1.000000
96,4,451,421,129,299,1,-1,-1.000000
96,5,1311,531,61,139,1,-1,-1.000000
96,6,1625,223,249,655,1,-1,-1.000000
96,12,273,453,101,265,1,-1,-1.000000
97,1,1367,311,235,557,1,-1,-1.000000
97,2,1023,311,189,449,1,-1,-1.000000
97,3,1329,453,83,217,1,-1,-1.000000
97,4,451,421,129,299,1,-1,-1.000000
97,5,1311,531,61,139,1,-1,-1.000000
97,6,1619,221,249,661,1,-1,-1.000000
97,12,273,453,103,265,1,-1,-1.000000
98,1,1359,309,237,563,1,-1,-1.000000
98,2,1031,311,189,447,1,-1,-1.000000
98,3,1329,453,83,217,1,-1,-1.000000
98,4,451,419,129,301,1,-1,-1.000000
98,5,1311,531,61,139,1,-1,-1.000000
98,6,1613,221,249,663,1,-1,-1.000000
98,12,275,451,103,267,1,-1,-1.000000
99,1,1349,307,239,569,1,-1,-1.000000
99,2,1041,313,187,443,1,-1,-1.000000
99,3,1329,453,85,217,1,-1,-1.000000
99,4,451,419,129,303,1,-1,-1.000000
99,5,1311,531,61,139,1,-1,-1.000000
99,6,1609,219,247,667,1,-1,-1.000000
99,12,275,451,103,267,1,-1,-1.000000
100,1,1341,307,241,573,1,-1,-1.000000
100,2,1051,313,183,441,1,-1,-1.000000
100,3,1331,453,83,217,1,-1,-1.000000
100,4,451,417,129,305,1,-1,-1.000000
100,5,1313,531,59,139,1,-1,-1.000000
100,6,1603,217,247,673,1,-1,-1.000000
100,12,277,451,103,267,1,-1,-1.000000
101,1,1333,305,243,579,1,-1,-1.000000
101,2,1061,315,181,437,1,-1,-1.000000
101,3,1331,453,83,217,1,-1,-1.000000
101,4,451,417,129,305,1,-1,-1.000000
101,5,1313,531,61,139,1,-1,-1.000000
101,6,1597,215,249,677,1,-1,-1.000000
101,12,277,449,105,271,1,-1,-1.000000
102,1,1325,303,245,585,1,-1,-1.000000
102,2,1069,315,181,435,1,-1,-1.000000
102,3,1331,453,85,217,1,-1,-1.000000
102,4,451,415,129,307,1,-1,-1.000000
102,5,1313,531,61,139,1,-1,-1.000000
102,6,1591,215,249,679,1,-1,-1.000000
102,12,279,449,105,271,1,-1,-1.000000
103,1,1315,301,247,591,1,-1,-1.000000
103,2,1079,317,179,431,1,-1,-1.000000
103,3,1333,453,83,217,1,-1,-1.000000
103,4,451,415,129,307,1,-1,-1.000000
103,5,1313,529,61,141,1,-1,-1.000000
103,6,1585,213,249,685,1,-1,-1.000000
103,12,279,449,105,271,1,-1,-1.000000
104,1,1307,299,249,597,1,-1,-1.000000
104,2,1089,317,177,429,1,-1,-1.000000
104,3,1333,453,83,217,1,-1,-1.000000
104,4,451,413,129,309,1,-1,-1.000000
104,5,1313,529,61,141,1,-1,-1.000000
104,6,1581,211,247,689,1,-1,-1.000000
104,12,281,447,105,273,1,-1,-1.000000
105,1,1299,297,251,603,1,-1,-1.000000
105,2,1099,319,175,425,1,-1,-1.000000
105,3,1333,451,85,219,1,-1,-1.000000
105,4,451,413,129,309,1,-1,-1.000000
105,5,1313,529,61,143,1,-1,-1.000000
105,6,1575,209,247,693,1,-1,-1.000000
105,12,281,447,107,273,1,-1,-1.000000
106,1,1291,297,253,605,1,-1,-1.000000
106,2,1107,319,175,423,1,-1,-1.000000
106,3,1335,451,83,219,1,-1,-1.000000
106,4,451,413,129,311,1,-1,-1.000000
106,5,1313,529,61,143,1,-1,-1.000000
106,6,1569,209,247,697,1,-1,-1.000000
106,12,283,447,107,275,1,-1,-1.000000
107,1,1283,295,253,611,1,-1,-1.000000
107,2,1117,321,173,419,1,-1,-1.000000
107,3,1335,451,83,219,1,-1,-1.000000
107,4,451,411,129,313,1,-1,-1.000000
107,5,1313,529,61,143,1,-1,-1.000000
107,6,1563,207,247,701,1,-1,-1.000000
107,12,285,445,105,277,1,-1,-1.000000
108,1,1273,293,257,617,1,-1,-1.000000
108,2,1127,321,171,417,1,-1,-1.000000
108,3,1335,451,85,219,1,-1,-1.000000
108,4,451,411,129,313,1,-1,-1.000000
108,5,1313,529,61,143,1,-1,-1.000000
108,6,1559,205,247,707,1,-1,-1.000000
108,12,285,445,107,277,1,-1,-1.000000
109,1,1265,291,259,623,1,-1,-1.000000
109,2,1137,323,169,413,1,-1,-1.000000
109,3,1337,451,83,219,1,-1,-1.000000
109,4,451,409,129,315,1,-1,-1.000000
109,5,1313,529,63,143,1,-1,-1.000000
109,6,1553,203,247,711,1,-1,-1.000000
109,12,287,443,107,279,1,-1,-1.000000
110,1,1257,289,261,629,1,-1,-1.000000
110,2,1147,325,167,409,1,-1,-1.000000
110,3,1337,451,83,219,1,-1,-1.000000
110,4,451,409,129,315,1,-1,-1.000000
110,5,1313,529,63,143,1,-1,-1.000000
110,6,1547,203,247,713,1,-1,-1.000000
110,12,287,443,107,279,1,-1,-1.000000
111,1,1249,287,261,635,1,-1,-1.000000
111,2,1153,325,165,407,1,-1,-1.000000
111,3,1337,451,85,219,1,-1,-1.000000
111,4,451,407,129,317,1,-1,-1.000000
111,5,1313,529,63,143,1,-1,-1.000000
111,6,1541,201,247,719,1,-1,-1.000000
111,12,289,443,107,279,1,-1,-1.000000
112,1,1239,287,265,639,1,-1,-1.000000
112,2,1159,325,165,407,1,-1,-1.000000
112,3,1339,451,83,219,1,-1,-1.000000
112,4,451,407,129,317,1,-1,-1.000000
112,5,1313,529,63,143,1,-1,-1.000000
112,6,1535,199,247,723,1,-1,-1.000000
112,12,289,441,109,283,1,-1,-1.000000
113,1,1231,285,267,645,1,-1,-1.000000
113,2,1165,327,165,403,1,-1,-1.000000
113,3,1339,451,85,219,1,-1,-1.000000
113,4,451,405,129,319,1,-1,-1.000000
113,5,1313,529,63,143,1,-1,-1.000000
113,6,1531,197,245,727,1,-1,-1.000000
113,12,291,441,109,283,1,-1,-1.000000
114,1,1223,283,269,651,1,-1,-1.000000
114,2,1171,327,165,403,1,-1,-1.000000
114,3,1339,449,85,221,1,-1,-1.000000
114,4,451,405,129,321,1,-1,-1.000000
114,5,1315,529,61,145,1,-1,-1.000000
114,6,1525,197,245,731,1,-1,-1.000000
114,12,291,441,109,283,1,-1,-1.000000
115,1,1215,281,269,657,1,-1,-1.000000
115,2,1177,329,165,399,1,-1,-1.000000
115,3,1341,449,83,221,1,-1,-1.000000
115,4,451,403,129,323,1,-1,-1.000000
115,5,1315,529,61,145,1,-1,-1.000000
115,6,1519,195,247,735,1,-1,-1.000000
115,12,293,439,109,285,1,-1,-1.000000
116,1,1205,279,273,663,1,-1,-1.000000
116,2,1183,329,165,399,1,-1,-1.000000
116,3,1341,449,85,221,1,-1,-1.000000
116,4,451,403,129,323,1,-1,-1.000000
116,5,1315,529,61,145,1,-1,-1.000000
116,6,1513,193,247,739,1,-1,-1.000000
116,12,293,439,111,285,1,-1,-1.000000
117,1,1197,279,275,665,1,-1,-1.000000
117,2,1189,329,165,397,1,-1,-1.000000
117,3,1341,449,85,221,1,-1,-1.000000
117,4,451,401,129,325,1,-1,-1.000000
117,5,1315,529,63,145,1,-1,-1.000000
117,6,1507,191,247,745,1,-1,-1.000000
117,12,295,439,111,285,1,-1,-1.000000
118,1,1189,277,277,671,1,-1,-1.000000
118,2,1195,331,165,395,1,-1,-1.000000
118,3,1343,449,83,221,1,-1,-1.000000
118,4,451,401,129,325,1,-1,-1.000000
118,5,1315,529,63,145,1,-1,-1.000000
118,6,1503,191,245,747,1,-1,-1.000000
118,12,295,437,111,289,1,-1,-1.000000
119,1,1181,275,277,677,1,-1,-1.000000
119,2,1203,331,163,393,1,-1,-1.000000
119,3,1343,449,85,221,1,-1,-1.000000
119,4,451,399,129,327,1,-1,-1.000000
119,5,1315,529,63,145,1,-1,-1.000000
119,6,1497,189,245,751,1,-1,-1.000000
119,12,297,437,111,289,1,-1,-1.000000
120,1,1173,273,279,683,1,-1,-1.000000
120,2,1209,333,163,391,1,-1,-1.000000
120,3,1343,449,85,221,1,-1,-1.000000
120,4,451,399,129,327,1,-1,-1.000000
120,5,1315,527,63,147,1,-1,-1.000000
120,6,1491,187,245,757,1,-1,-1.000000
120,12,297,437,113,289,1,-1,-1.000000
121,1,1163,271,283,689,1,-1,-1.000000
121,2,1215,333,161,389,1,-1,-1.000000
121,3,1345,449,83,221,1,-1,-1.000000
121,4,451,399,131,329,1,-1,-1.000000
121,5,1315,527,63,147,1,-1,-1.000000
121,6,1485,185,245,761,1,-1,-1.000000
121,12,299,435,113,291,1,-1,-1.000000
122,1,1155,269,285,695,1,-1,-1.000000
122,2,1221,333,161,389,1,-1,-1.000000
122,3,1345,449,85,221,1,-1,-1.000000
122,4,449,397,133,331,1,-1,-1.000000
122,5,1315,527,63,147,1,-1,-1.000000
122,6,1481,185,245,765,1,-1,-1.000000
122,12,299,435,113,291,1,-1,-1.000000
123,1,1147,269,285,699,1,-1,-1.000000
123,2,1227,335,161,385,1,-1,-1.000000
123,3,1345,447,85,223,1,-1,-1.000000
123,4,449,397,133,331,1,-1,-1.000000
123,5,1315,527,63,147,1,-1,-1.000000
123,6,1471,181,247,771,1,-1,-1.000000
123,12,301,435,113,291,1,-1,-1.000000
124,1,1139,267,287,705,1,-1,-1.000000
124,2,1233,335,161,385,1,-1,-1.000000
124,3,1347,447,83,223,1,-1,-1.000000
124,4,449,397,133,333,1,-1,-1.000000
124,5,1315,527,63,149,1,-1,-1.000000
124,6,1461,179,251,777,1,-1,-1.000000
124,12,303,433,113,295,1,-1,-1.000000
125,1,1129,265,291,711,1,-1,-1.000000
125,2,1239,337,161,381,1,-1,-1.000000
125,3,1347,447,85,223,1,-1,-1.000000
125,4,449,397,133,333,1,-1,-1.000000
125,5,1315,527,65,149,1,-1,-1.000000
125,6,1453,177,251,783,1,-1,-1.000000
125,12,303,433,115,295,1,-1,-1.000000
126,1,1121,263,293,717,1,-1,-1.000000
126,2,1245,337,161,381,1,-1,-1.000000
126,3,1347,447,85,223,1,-1,-1.000000
126,4,449,397,133,335,1,-1,-1.000000
126,5,1315,527,65,149,1,-1,-1.000000
126,6,1443,175,255,789,1,-1,-1.000000
126,12,305,433,113,295,1,-1,-1.000000
127,1,1113,261,293,723,1,-1,-1.000000
127,2,1251,339,161,377,1,-1,-1.000000
127,3,1349,447,83,223,1,-1,-1.000000
127,4,449,397,133,335,1,-1,-1.000000
127,5,1315,527,65,149,1,-1,-1.000000
127,6,1435,171,255,797,1,-1,-1.000000
127,12,305,431,115,297,1,-1,-1.000000
128,1,1105,259,295,729,1,-1,-1.000000
128,2,1259,339,159,377,1,-1,-1.000000
128,3,1349,447,85,223,1,-1,-1.000000
128,4,449,395,133,337,1,-1,-1.000000
128,5,1317,527,63,149,1,-1,-1.000000
128,6,1425,169,259,803,1,-1,-1.000000
128,12,307,431,115,297,1,-1,-1.000000
129,1,1097,259,297,731,1,-1,-1.000000
129,2,1265,339,159,375,1,-1,-1.000000
129,3,1349,447,85,223,1,-1,-1.000000
129,4,447,395,135,339,1,-1,-1.000000
129,5,1317,527,63,149,1,-1,-1.000000
129,6,1417,167,261,809,1,-1,-1.000000
129,12,307,431,117,297,1,-1,-1.000000
130,1,1087,257,301,737,1,-1,-1.000000
130,2,1271,341,159,373,1,-1,-1.000000
130,3,1351,447,85,223,1,-1,-1.000000
130,4,447,395,135,339,1,-1,-1.000000
130,5,1317,527,63,149,1,-1,-1.000000
130,6,1407,165,263,813,1,-1,-1.000000
130,12,309,429,115,301,1,-1,-1.000000
131,1,1079,255,301,743,1,-1,-1.000000
131,2,1277,341,159,371,1,-1,-1.000000
131,3,1351,447,85,223,1,-1,-1.000000
131,4,447,395,137,341,1,-1,-1.000000
131,5,1317,527,63,149,1,-1,-1.000000
131,6,1399,161,265,821,1,-1,-1.000000
131,12,309,429,117,301,1,-1,-1.000000
132,1,1071,253,303,749,1,-1,-1.000000
132,2,1283,343,157,369,1,-1,-1.000000
132,3,1351,445,85,225,1,-1,-1.000000
132,4,447,395,137,341,1,-1,-1.000000
132,5,1317,527,65,149,1,-1,-1.000000
132,6,1389,159,267,827,1,-1,-1.000000
132,12,311,429,117,301,1,-1,-1.000000
133,1,1063,251,305,755,1,-1,-1.000000
133,2,1289,343,157,367,1,-1,-1.000000
133,3,1353,445,85,225,1,-1,-1.000000
133,4,447,395,137,341,1,-1,-1.000000
133,5,1317,527,65,151,1,-1,-1.000000
133,6,1381,157,269,833,1,-1,-1.000000
133,12,311,427,119,303,1,-1,-1.000000
134,1,1053,251,309,759,1,-1,-1.000000
134,2,1295,343,157,367,1,-1,-1.000000
134,3,1353,445,85,225,1,-1,-1.000000
134,4,447,393,137,345,1,-1,-1.000000
134,5,1317,527,65,151,1,-1,-1.000000
134,6,1371,155,273,839,1,-1,-1.000000
134,12,313,427,117,303,1,-1,-1.000000
135,1,1045,249,309,765,1,-1,-1.000000
135,2,1301,345,157,363,1,-1,-1.000000
135,3,1353,445,85,225,1,-1,-1.000000
135,4,447,393,137,345,1,-1,-1.000000
135,5,1317,527,65,151,1,-1,-1.000000
135,6,1361,153,275,845,1,-1,-1.000000
135,12,313,427,119,303,1,-1,-1.000000
136,1,1037,247,311,771,1,-1,-1.000000
136,2,1307,345,157,363,1,-1,-1.000000
136,3,1355,445,85,227,1,-1,-1.000000
136,4,447,393,137,347,1,-1,-1.000000
136,5,1317,527,65,151,1,-1,-1.000000
136,6,1353,149,277,853,1,-1,-1.000000
136,12,315,425,119,307,1,-1,-1.000000
137,1,1029,245,313,777,1,-1,-1.000000
137,2,1315,347,155,359,1,-1,-1.000000
137,3,1355,445,85,227,1,-1,-1.000000
137,4,445,393,139,347,1,-1,-1.000000
137,5,1317,525,65,153,1,-1,-1.000000
137,6,1343,147,279,857,1,-1,-1.000000
137,12,315,425,121,307,1,-1,-1.000000
138,1,1019,243,317,783,1,-1,-1.000000
138,2,1321,347,155,359,1,-1,-1.000000
138,3,1355,445,85,227,1,-1,-1.000000
138,4,445,393,139,347,1,-1,-1.000000
138,5,1317,525,65,153,1,-1,-1.000000
138,6,1335,145,281,863,1,-1,-1.000000
138,12,317,425,119,307,1,-1,-1.000000
139,1,1011,241,317,789,1,-1,-1.000000
139,2,1327,349,155,355,1,-1,-1.000000
139,3,1357,445,85,227,1,-1,-1.000000
139,4,445,393,139,349,1,-1,-1.000000
139,5,1317,525,65,153,1,-1,-1.000000
139,6,1325,143,285,869,1,-1,-1.000000
139,12,317,423,121,309,1,-1,-1.000000
140,1,1003,241,319,791,1,-1,-1.000000
140,2,1333,349,155,355,1,-1,-1.000000
140,3,1357,443,85,229,1,-1,-1.000000
140,4,445,391,139,351,1,-1,-1.000000
140,5,1317,525,67,153,1,-1,-1.000000
140,6,1317,139,285,877,1,-1,-1.000000
140,12,319,423,121,309,1,-1,-1.000000
141,1,995,239,321,797,1,-1,-1.000000
141,2,1339,349,155,353,1,-1,-1.000000
141,3,1357,443,85,229,1,-1,-1.000000
141,4,445,391,141,353,1,-1,-1.000000
141,5,1317,525,67,153,1,-1,-1.000000
141,6,1307,137,289,883,1,-1,-1.000000
141,12,321,423,121,311,1,-1,-1.000000
142,1,987,237,323,803,1,-1,-1.000000
142,2,1345,351,153,351,1,-1,-1.000000
142,3,1359,443,85,229,1,-1,-1.000000
142,4,445,391,141,353,1,-1,-1.000000
142,5,1317,525,67,153,1,-1,-1.000000
142,6,1299,135,289,889,1,-1,-1.000000
142,12,321,421,121,313,1,-1,-1.000000
143,1,977,235,325,809,1,-1,-1.000000
143,2,1351,351,153,349,1,-1,-1.000000
143,3,1359,443,85,229,1,-1,-1.000000
143,4,445,391,141,353,1,-1,-1.000000
143,5,1319,525,65,155,1,-1,-1.000000
143,6,1289,133,293,895,1,-1,-1.000000
143,12,321,421,123,315,1,-1,-1.000000
143,13,1,269,213,655,1,-1,-1.000000
144,1,969,233,327,815,1,-1,-1.000000
144,2,1357,353,153,347,1,-1,-1.000000
144,3,1359,443,87,229,1,-1,-1.000000
144,4,443,391,143,355,1,-1,-1.000000
144,5,1319,525,65,155,1,-1,-1.000000
144,6,1281,131,295,901,1,-1,-1.000000
144,12,323,421,123,317,1,-1,-1.000000
144,13,17,269,213,651,1,-1,-1.000000
145,1,961,231,329,821,1,-1,-1.000000
145,2,1363,353,153,345,1,-1,-1.000000
145,3,1361,443,85,229,1,-1,-1.000000
145,4,443,391,143,355,1,-1,-1.000000
145,5,1319,525,65,155,1,-1,-1.000000
145,6,1269,125,299,907,1,-1,-1.000000
145,12,323,419,125,321,1,-1,-1.000000
145,13,35,269,211,649,1,-1,-1.000000
146,1,953,231,331,825,1,-1,-1.000000
146,2,1371,353,151,345,1,-1,-1.000000
146,3,1361,443,85,229,1,-1,-1.000000
146,4,443,389,143,359,1,-1,-1.000000
146,5,1319,525,65,155,1,-1,-1.000000
146,6,1259,121,303,913,1,-1,-1.000000
146,12,325,419,125,323,1,-1,-1.000000
146,13,51,271,211,645,1,-1,-1.000000
147,1,943,229,333,831,1,-1,-1.000000
147,2,1377,355,151,341,1,-1,-1.000000
147,3,1361,443,87,229,1,-1,-1.000000
147,4,443,389,143,359,1,-1,-1.000000
147,5,1319,525,65,155,1,-1,-1.000000
147,6,1247,117,309,919,1,-1,-1.000000
147,12,325,419,127,323,1,-1,-1.000000
147,13,69,271,211,643,1,-1,-1.000000
147,15,1,387,163,515,1,-1,-1.000000
148,1,935,227,335,837,1,-1,-1.000000
148,2,1383,355,151,341,1,-1,-1.000000
148,3,1363,443,85,229,1,-1,-1.000000
148,4,443,389,143,359,1,-1,-1.000000
148,5,1319,525,67,155,1,-1,-1.000000
148,6,1237,113,313,925,1,-1,-1.000000
148,12,327,419,127,325,1,-1,-1.000000
148,13,85,273,211,639,1,-1,-1.000000
148,15,5,387,173,513,1,-1,-1.000000
148,24,1227,423,107,235,1,-1,-1.000000
149,1,927,225,337,843,1,-1,-1.000000
149,2,1389,357,151,337,1,-1,-1.000000
149,3,1363,441,85,231,1,-1,-1.000000
149,4,443,389,143,361,1,-1,-1.000000
149,5,1319,525,67,155,1,-1,-1.000000
149,6,1225,107,317,933,1,-1,-1.000000
149,12,327,417,127,329,1,-1,-1.000000
149,13,103,273,209,637,1,-1,-1.000000
149,15,11,387,183,513,1,-1,-1.000000
149,24,1231,421,107,235,1,-1,-1.000000
150,1,919,223,339,849,1,-1,-1.000000
150,2,1395,357,151,337,1,-1,-1.000000
150,3,1363,441,87,231,1,-1,-1.000000
150,4,443,389,143,361,1,-1,-1.000000
150,5,1319,525,67,155,1,-1,-1.000000
150,6,1215,103,321,937,1,-1,-1.000000
150,12,329,417,127,331,1,-1,-1.000000
150,13,121,275,209,633,1,-1,-1.000000
150,15,17,387,191,513,1,-1,-1.000000
150,24,1237,421,105,235,1,-1,-1.000000
151,1,911,223,341,853,1,-1,-1.000000
151,2,1401,359,151,333,1,-1,-1.000000
151,3,1365,441,85,231,1,-1,-1.000000
151,4,443,389,145,363,1,-1,-1.000000
151,5,1319,525,67,155,1,-1,-1.000000
151,6,1203,99,327,943,1,-1,-1.000000
151,12,329,417,129,333,1,-1,-1.000000
151,13,137,275,209,631,1,-1,-1.000000
151,15,23,387,201,513,1,-1,-1.000000
151,24,1241,421,107,235,1,-1,-1.000000
152,1,893,219,345,857,1,-1,-1.000000
152,2,1407,359,151,333,1,-1,-1.000000
152,3,1365,441,85,231,1,-1,-1.000000
152,4,443,387,147,367,1,-1,-1.000000
152,5,1319,525,67,157,1,-1,-1.000000
152,6,1193,95,331,949,1,-1,-1.000000
152,12,331,417,129,333,1,-1,-1.000000
152,13,155,277,207,627,1,-1,-1.000000
152,15,41,387,201,511,1,-1,-1.000000
152,24,1247,421,105,235,1,-1,-1.000000
153,1,877,217,347,859,1,-1,-1.000000
153,2,1413,359,149,331,1,-1,-1.000000
153,3,1365,441,87,231,1,-1,-1.000000
153,4,445,387,147,369,1,-1,-1.000000
153,5,1319,525,67,157,1,-1,-1.000000
153,6,1181,91,337,955,1,-1,-1.000000
153,12,331,415,131,337,1,-1,-1.000000
153,13,171,277,209,625,1,-1,-1.000000
153,15,59,387,201,509,1,-1,-1.000000
153,24,1253,421,103,235,1,-1,-1.000000
154,1,859,213,353,863,1,-1,-1.000000
154,2,1419,361,149,329,1,-1,-1.000000
154,3,1367,441,85,231,1,-1,-1.000000
154,4,447,387,147,371,1,-1,-1.000000
154,5,1319,523,67,159,1,-1,-1.000000
154,6,1171,85,339,963,1,-1,-1.000000
154,12,333,415,131,339,1,-1,-1.000000
154,13,189,279,207,621,1,-1,-1.000000
154,15,77,387,201,507,1,-1,-1.000000
154,24,1257,421,105,235,1,-1,-1.000000
155,1,843,211,355,865,1,-1,-1.000000
155,2,1427,361,147,327,1,-1,-1.000000
155,3,1367,441,85,231,1,-1,-1.000000
155,4,447,387,151,373,1,-1,-1.000000
155,5,1319,523,67,159,1,-1,-1.000000
155,6,1159,81,345,969,1,-1,-1.000000
155,12,333,415,133,341,1,-1,-1.000000
155,13,205,279,207,619,1,-1,-1.000000
155,15,95,389,201,503,1,-1,-1.000000
155,24,1263,421,103,235,1,-1,-1.000000
156,1,825,209,361,867,1,-1,-1.000000
156,2,1433,363,147,325,1,-1,-1.000000
156,3,1367,441,87,231,1,-1,-1.000000
156,4,449,387,151,375,1,-1,-1.000000
156,5,1319,523,69,159,1,-1,-1.000000
156,6,1149,77,349,973,1,-1,-1.000000
156,12,335,415,133,343,1,-1,-1.000000
156,13,223,281,207,615,1,-1,-1.000000
156,15,113,389,201,503,1,-1,-1.000000
156,24,1267,421,105,235,1,-1,-1.000000
157,1,809,205,363,871,1,-1,-1.000000
157,2,1439,363,147,323,1,-1,-1.000000
157,3,1369,441,85,231,1,-1,-1.000000
157,4,451,385,151,379,1,-1,-1.000000
157,5,1321,523,67,159,1,-1,-1.000000
157,6,1137,73,355,979,1,-1,-1.000000
157,12,335,413,133,345,1,-1,-1.000000
157,13,241,281,205,613,1,-1,-1.000000
157,15,131,389,201,501,1,-1,-1.000000
157,24,1273,421,103,235,1,-1,-1.000000
158,1,793,203,365,873,1,-1,-1.000000
158,2,1445,363,147,323,1,-1,-1.000000
158,3,1369,439,85,233,1,-1,-1.000000
158,4,451,385,155,381,1,-1,-1.000000
158,5,1321,523,67,159,1,-1,-1.000000
158,6,1127,69,359,985,1,-1,-1.000000
158,12,335,413,135,347,1,-1,-1.000000
158,13,257,283,205,607,1,-1,-1.000000
158,15,149,389,201,499,1,-1,-1.000000
158,24,1279,421,101,235,1,-1,-1.000000
159,1,775,201,371,875,1,-1,-1.000000
159,2,1451,365,147,319,1,-1,-1.000000
159,3,1369,439,87,233,1,-1,-1.000000
159,4,453,385,155,383,1,-1,-1.000000
159,5,1321,523,67,159,1,-1,-1.000000
159,6,1115,63,363,993,1,-1,-1.000000
159,12,337,413,135,349,1,-1,-1.000000
159,13,275,283,205,605,1,-1,-1.000000
159,15,167,391,201,495,1,-1,-1.000000
159,24,1283,421,103,235,1,-1,-1.000000
160,1,759,197,373,879,1,-1,-1.000000
160,2,1457,365,147,319,1,-1,-1.000000
160,3,1371,439,85,233,1,-1,-1.000000
160,4,455,385,155,385,1,-1,-1.000000
160,5,1321,523,67,159,1,-1,-1.000000
160,6,1105,59,367,999,1,-1,-1.000000
160,12,337,411,137,353,1,-1,-1.000000
160,13,291,285,205,601,1,-1,-1.000000
160,15,185,391,201,493,1,-1,-1.000000
160,24,1289,421,101,235,1,-1,-1.000000
161,1,741,195,379,881,1,-1,-1.000000
161,2,1463,367,147,315,1,-1,-1.000000
161,3,1371,439,87,233,1,-1,-1.000000
161,4,457,385,157,387,1,-1,-1.000000
161,5,1321,523,67,159,1,-1,-1.000000
161,6,1093,55,373,1003,1,-1,-1.000000
161,12,339,411,137,355,1,-1,-1.000000
161,13,309,285,203,599,1,-1,-1.000000
161,15,203,391,201,493,1,-1,-1.000000
161,24,1295,421,99,235,1,-1,-1.000000
162,1,725,193,381,883,1,-1,-1.000000
162,2,1469,367,147,315,1,-1,-1.000000
162,3,1371,439,87,233,1,-1,-1.000000
162,4,459,383,157,389,1,-1,-1.000000
162,5,1321,523,67,161,1,-1,-1.000000
162,6,1083,51,377,1009,1,-1,-1.000000
162,12,339,411,139,355,1,-1,-1.000000
162,13,327,287,203,595,1,-1,-1.000000
162,15,221,391,201,491,1,-1,-1.000000
162,24,1299,421,101,235,1,-1,-1.000000
163,1,707,189,387,887,1,-1,-1.000000
163,2,1477,369,145,313,1,-1,-1.000000
163,3,1373,439,85,233,1,-1,-1.000000
163,4,463,383,157,389,1,-1,-1.000000
163,5,1321,523,67,161,1,-1,-1.000000
163,6,1071,45,381,1017,1,-1,-1.000000
163,12,341,411,139,357,1,-1,-1.000000
163,13,343,287,203,593,1,-1,-1.000000
163,15,239,393,201,487,1,-1,-1.000000
163,24,1305,421,99,235,1,-1,-1.000000
164,1,691,187,389,889,1,-1,-1.000000
164,2,1481,369,143,311,1,-1,-1.000000
164,3,1373,439,87,233,1,-1,-1.000000
164,4,465,383,159,389,1,-1,-1.000000
164,5,1321,523,69,161,1,-1,-1.000000
164,6,1061,41,385,1023,1,-1,-1.000000
164,12,341,409,139,361,1,-1,-1.000000
164,13,361,289,201,589,1,-1,-1.000000
164,15,257,393,201,485,1,-1,-1.000000
164,24,1309,421,101,235,1,-1,-1.000000
165,1,675,185,391,891,1,-1,-1.000000
165,2,1485,371,143,309,1,-1,-1.000000
165,3,1373,439,87,233,1,-1,-1.000000
165,4,469,383,157,389,1,-1,-1.000000
165,5,1321,523,69,161,1,-1,-1.000000
165,6,1049,37,391,1029,1,-1,-1.000000
165,12,343,409,139,363,1,-1,-1.000000
165,13,377,289,203,587,1,-1,-1.000000
165,15,275,393,201,483,1,-1,-1.000000
165,24,1315,421,99,235,1,-1,-1.000000
166,1,657,181,397,895,1,-1,-1.000000
166,2,1489,373,143,307,1,-1,-1.000000
166,3,1375,439,85,233,1,-1,-1.000000
166,4,471,383,159,391,1,-1,-1.000000
166,5,1321,523,69,161,1,-1,-1.000000
166,6,1039,33,395,1035,1,-1,-1.000000
166,12,343,409,141,365,1,-1,-1.000000
166,13,395,291,201,583,1,-1,-1.000000
166,15,293,393,201,483,1,-1,-1.000000
166,24,1321,421,97,235,1,-1,-1.000000
167,1,641,179,399,897,1,-1,-1.000000
167,2,1495,375,141,305,1,-1,-1.000000
167,3,1375,437,87,235,1,-1,-1.000000
167,4,475,381,159,393,1,-1,-1.000000
167,5,1321,523,69,161,1,-1,-1.000000
167,6,1027,29,401,1039,1,-1,-1.000000
167,12,345,409,141,365,1,-1,-1.000000
167,13,411,291,201,581,1,-1,-1.000000
167,15,311,395,201,479,1,-1,-1.000000
167,24,1325,421,99,235,1,-1,-1.000000
168,1,623,175,405,901,1,-1,-1.000000
168,2,1499,377,141,303,1,-1,-1.000000
168,3,1375,437,87,235,1,-1,-1.000000
168,4,477,381,161,393,1,-1,-1.000000
168,5,1321,523,69,161,1,-1,-1.000000
168,6,1017,23,403,1047,1,-1,-1.000000
168,12,345,407,143,369,1,-1,-1.000000
168,13,429,293,201,577,1,-1,-1.000000
168,15,329,395,201,477,1,-1,-1.000000
168,24,1331,421,97,235,1,-1,-1.000000
169,1,607,173,407,903,1,-1,-1.000000
169,2,1503,377,141,301,1,-1,-1.000000
169,3,1377,437,85,235,1,-1,-1.000000
169,4,481,381,159,393,1,-1,-1.000000
169,5,1321,523,69,161,1,-1,-1.000000
169,6,1005,19,409,1053,1,-1,-1.000000
169,12,347,407,143,371,1,-1,-1.000000
169,13,447,293,199,575,1,-1,-1.000000
169,15,347,395,201,475,1,-1,-1.000000
169,24,1337,421,95,235,1,-1,-1.000000
170,1,591,171,409,905,1,-1,-1.000000
170,2,1509,379,139,299,1,-1,-1.000000
170,3,1377,437,87,235,1,-1,-1.000000
170,4,485,381,159,393,1,-1,-1.000000
170,5,1321,523,69,161,1,-1,-1.000000
170,6,995,15,413,1059,1,-1,-1.000000
170,12,347,407,145,373,1,-1,-1.000000
170,13,463,295,199,571,1,-1,-1.000000
170,15,365,397,201,473,1,-1,-1.000000
170,24,1341,421,97,235,1,-1,-1.000000
171,1,573,167,415,909,1,-1,-1.000000
171,2,1513,381,139,297,1,-1,-1.000000
171,3,1377,437,87,235,1,-1,-1.000000
171,4,487,381,161,395,1,-1,-1.000000
171,5,1323,523,69,163,1,-1,-1.000000
171,6,983,11,419,1065,1,-1,-1.000000
171,12,349,407,145,375,1,-1,-1.000000
171,13,481,295,199,569,1,-1,-1.000000
171,15,377,397,201,469,1,-1,-1.000000
171,24,1347,421,95,235,1,-1,-1.000000
172,1,557,165,417,911,1,-1,-1.000000
172,2,1517,383,137,295,1,-1,-1.000000
172,3,1379,437,85,235,1,-1,-1.000000
172,4,491,379,161,397,1,-1,-1.000000
172,5,1323,523,69,163,1,-1,-1.000000
172,6,973,7,423,1071,1,-1,-1.000000
172,12,353,405,145,377,1,-1,-1.000000
172,13,497,297,199,563,1,-1,-1.000000
172,15,391,397,199,467,1,-1,-1.000000
172,24,1351,421,97,235,1,-1,-1.000000
173,1,539,163,423,913,1,-1,-1.000000
173,2,1521,385,137,293,1,-1,-1.000000
173,3,1379,437,87,235,1,-1,-1.000000
173,4,493,379,161,397,1,-1,-1.000000
173,5,1325,523,69,163,1,-1,-1.000000
173,6,961,5,417,1073,1,-1,-1.000000
173,12,359,405,145,377,1,-1,-1.000000
173,13,515,297,197,561,1,-1,-1.000000
173,15,403,397,199,465,1,-1,-1.000000
173,24,1357,421,95,235,1,-1,-1.000000
174,1,523,159,425,917,1,-1,-1.000000
174,2,1527,387,135,291,1,-1,-1.000000
174,3,1379,437,87,235,1,-1,-1.000000
174,4,497,379,161,397,1,-1,-1.000000
174,5,1327,523,69,163,1,-1,-1.000000
174,6,949,5,411,1073,1,-1,-1.000000
174,12,365,403,145,381,1,-1,-1.000000
174,13,533,299,197,557,1,-1,-1.000000
174,15,417,397,197,463,1,-1,-1.000000
174,24,1363,421,93,235,1,-1,-1.000000
175,1,505,157,431,919,1,-1,-1.000000
175,2,1531,387,135,289,1,-1,-1.000000
175,3,1381,437,87,237,1,-1,-1.000000
175,4,499,379,163,397,1,-1,-1.000000
175,5,1329,525,69,163,1,-1,-1.000000
175,6,939,5,403,1073,1,-1,-1.000000
175,12,371,403,145,381,1,-1,-1.000000
175,13,549,299,197,555,1,-1,-1.000000
175,15,431,397,195,461,1,-1,-1.000000
175,24,1367,421,95,233,1,-1,-1.000000
176,1,489,155,433,921,1,-1,-1.000000
176,2,1535,389,135,287,1,-1,-1.000000
176,3,1381,435,89,239,1,-1,-1.000000
176,4,503,379,163,399,1,-1,-1.000000
176,5,1331,525,69,163,1,-1,-1.000000
176,6,927,5,397,1073,1,-1,-1.000000
176,12,377,403,145,383,1,-1,-1.000000
176,13,567,301,195,551,1,-1,-1.000000
176,15,443,397,195,459,1,-1,-1.000000
176,24,1373,421,93,233,1,-1,-1.000000
177,1,473,151,435,925,1,-1,-1.000000
177,2,1541,391,133,285,1,-1,-1.000000
177,3,1383,435,89,239,1,-1,-1.000000
177,4,507,377,161,401,1,-1,-1.000000
177,5,1333,525,69,163,1,-1,-1.000000
177,6,917,5,391,1073,1,-1,-1.000000
177,12,383,401,145,385,1,-1,-1.000000
177,13,583,301,197,549,1,-1,-1.000000
177,15,457,397,195,457,1,-1,-1.000000
177,24,1379,421,91,233,1,-1,-1.000000
178,1,455,149,441,927,1,-1,-1.000000
178,2,1545,393,133,283,1,-1,-1.000000
178,3,1385,435,89,239,1,-1,-1.000000
178,4,509,377,163,401,1,-1,-1.000000
178,5,1335,525,69,163,1,-1,-1.000000
178,6,905,3,391,1073,1,-1,-1.000000
178,12,389,401,143,387,1,-1,-1.000000
178,13,601,303,195,545,1,-1,-1.000000
178,15,471,399,193,453,1,-1,-1.000000
178,24,1383,421,93,233,1,-1,-1.000000
179,1,439,147,443,929,1,-1,-1.000000
179,2,1549,395,133,281,1,-1,-1.000000
179,3,1387,435,89,239,1,-1,-1.000000
179,4,513,377,163,401,1,-1,-1.000000
179,5,1337,527,69,163,1,-1,-1.000000
179,6,895,3,389,1073,1,-1,-1.000000
179,12,395,401,143,387,1,-1,-1.000000
179,13,617,303,195,543,1,-1,-1.000000
179,15,483,399,193,451,1,-1,-1.000000
179,24,1389,421,91,233,1,-1,-1.000000
180,1,421,143,449,933,1,-1,-1.000000
180,2,1555,397,131,279,1,-1,-1.000000
180,3,1389,435,89,239,1,-1,-1.000000
180,4,515,377,163,401,1,-1,-1.000000
180,5,1339,527,69,163,1,-1,-1.000000
180,6,883,3,389,1071,1,-1,-1.000000
180,12,401,399,143,391,1,-1,-1.000000
180,13,635,305,195,539,1,-1,-1.000000
180,15,497,399,191,449,1,-1,-1.000000
180,24,1393,421,93,233,1,-1,-1.000000
181,1,405,141,451,935,1,-1,-1.000000
181,2,1557,397,131,277,1,-1,-1.000000
181,3,1391,433,89,241,1,-1,-1.000000
181,4,519,377,163,403,1,-1,-1.000000
181,5,1341,527,69,163,1,-1,-1.000000
181,6,873,3,389,1071,1,-1,-1.000000
181,12,407,399,143,391,1,-1,-1.000000
181,13,653,305,193,537,1,-1,-1.000000
181,15,511,399,189,447,1,-1,-1.000000
181,24,1399,421,91,233,1,-1,-1.000000
182,1,389,139,455,939,1,-1,-1.000000
182,2,1561,397,129,277,1,-1,-1.000000
182,3,1393,433,89,241,1,-1,-1.000000
182,4,521,375,165,405,1,-1,-1.000000
182,5,1341,527,71,163,1,-1,-1.000000
182,6,863,3,387,1071,1,-1,-1.000000
182,12,413,399,143,391,1,-1,-1.000000
182,13,669,307,193,533,1,-1,-1.000000
182,15,523,399,189,445,1,-1,-1.000000
182,24,1405,421,89,233,1,-1,-1.000000
183,1,361,131,439,945,1,-1,-1.000000
183,2,1565,397,129,275,1,-1,-1.000000
183,3,1395,433,89,243,1,-1,-1.000000
183,4,525,375,165,405,1,-1,-1.000000
183,5,1343,529,71,163,1,-1,-1.000000
183,6,851,3,387,1069,1,-1,-1.000000
183,12,419,397,143,395,1,-1,-1.000000
183,13,687,307,193,531,1,-1,-1.000000
183,15,537,399,189,443,1,-1,-1.000000
183,24,1409,421,91,233,1,-1,-1.000000
184,1,333,125,425,951,1,-1,-1.000000
184,2,1567,397,129,275,1,-1,-1.000000
184,3,1397,433,89,243,1,-1,-1.000000
184,4,529,375,163,405,1,-1,-1.000000
184,5,1345,529,71,163,1,-1,-1.000000
184,6,841,3,385,1069,1,-1,-1.000000
184,12,425,397,143,395,1,-1,-1.000000
184,13,703,309,193,527,1,-1,-1.000000
184,15,551,399,187,441,1,-1,-1.000000
184,24,1415,421,89,233,1,-1,-1.000000
185,1,305,117,411,959,1,-1,-1.000000
185,2,1571,397,127,275,1,-1,-1.000000
185,3,1399,433,89,243,1,-1,-1.000000
185,4,531,375,165,405,1,-1,-1.000000
185,5,1347,529,71,163,1,-1,-1.000000
185,6,831,3,385,1069,1,-1,-1.000000
185,12,431,397,141,397,1,-1,-1.000000
185,13,721,309,191,525,1,-1,-1.000000
185,15,563,399,187,439,1,-1,-1.000000
185,16,1,193,331,833,1,-1,-1.000000
185,24,1421,421,87,233,1,-1,-1.000000
186,1,277,111,397,965,1,-1,-1.000000
186,2,1575,397,127,273,1,-1,-1.000000
186,3,1401,433,89,243,1,-1,-1.000000
186,4,535,375,165,407,1,-1,-1.000000
186,5,1349,529,71,163,1,-1,-1.000000
186,6,809,1,393,1071,1,-1,-1.000000
186,12,437,395,141,399,1,-1,-1.000000
186,13,739,311,191,521,1,-1,-1.000000
186,15,577,401,185,435,1,-1,-1.000000
186,16,17,195,329,825,1,-1,-1.000000
186,24,1425,421,89,233,1,-1,-1.000000
187,1,249,103,383,973,1,-1,-1.000000
187,2,1579,397,125,273,1,-1,-1.000000
187,3,1403,431,89,245,1,-1,-1.000000
187,4,537,373,167,409,1,-1,-1.000000
187,5,1351,531,71,163,1,-1,-1.000000
187,6,789,1,399,1071,1,-1,-1.000000
187,12,443,395,141,401,1,-1,-1.000000
187,13,751,311,189,517,1,-1,-1.000000
187,15,591,401,183,433,1,-1,-1.000000
187,16,35,197,327,819,1,-1,-1.000000
187,24,1431,421,87,233,1,-1,-1.000000
188,1,221,97,369,979,1,-1,-1.000000
188,2,1581,397,125,271,1,-1,-1.000000
188,3,1405,431,89,245,1,-1,-1.000000
188,4,541,373,165,409,1,-1,-1.000000
188,5,1353,531,71,163,1,-1,-1.000000
188,6,769,1,407,1071,1,-1,-1.000000
188,12,449,395,141,401,1,-1,-1.000000
188,13,763,313,189,513,1,-1,-1.000000
188,15,603,401,183,431,1,-1,-1.000000
188,16,53,199,325,813,1,-1,-1.000000
188,24,1435,421,89,233,1,-1,-1.000000
189,1,195,89,353,987,1,-1,-1.000000
189,2,1585,397,125,271,1,-1,-1.000000
189,3,1407,431,89,245,1,-1,-1.000000
189,4,543,373,167,409,1,-1,-1.000000
189,5,1355,531,71,163,1,-1,-1.000000
189,6,749,1,413,1071,1,-1,-1.000000
189,12,455,393,141,405,1,-1,-1.000000
189,13,775,313,189,511,1,-1,-1.000000
189,15,617,401,183,429,1,-1,-1.000000
189,16,71,201,323,807,1,-1,-1.000000
189,24,1441,421,87,233,1,-1,-1.000000
190,1,167,83,337,991,1,-1,-1.000000
190,2,1589,399,123,269,1,-1,-1.000000
190,3,1409,431,89,245,1,-1,-1.000000
190,4,547,373,167,409,1,-1,-1.000000
190,5,1357,531,71,163,1,-1,-1.000000
190,6,729,1,421,1073,1,-1,-1.000000
190,12,461,393,141,405,1,-1,-1.000000
190,13,787,315,189,507,1,-1,-1.000000
190,15,631,401,181,427,1,-1,-1.000000
190,16,89,203,321,801,1,-1,-1.000000
190,24,1447,421,85,233,1,-1,-1.000000
191,1,139,75,323,999,1,-1,-1.000000
191,2,1591,399,123,267,1,-1,-1.000000
191,3,1411,431,89,247,1,-1,-1.000000
191,4,551,373,167,411,1,-1,-1.000000
191,5,1359,533,71,163,1,-1,-1.000000
191,6,707,1,429,1073,1,-1,-1.000000
191,12,467,393,141,407,1,-1,-1.000000
191,13,801,315,187,505,1,-1,-1.000000
191,15,643,401,181,425,1,-1,-1.000000
191,16,107,205,319,795,1,-1,-1.000000
191,24,1451,421,87,233,1,-1,-1.000000
192,1,111,69,309,1005,1,-1,-1.000000
192,2,1595,399,123,267,1,-1,-1.000000
192,3,1413,429,89,249,1,-1,-1.000000
192,4,557,371,167,411,1,-1,-1.000000
192,5,1361,531,71,165,1,-1,-1.000000
192,6,687,1,435,1073,1,-1,-1.000000
192,12,475,393,143,405,1,-1,-1.000000
192,13,813,317,187,501,1,-1,-1.000000
192,15,657,401,179,423,1,-1,-1.000000
192,16,125,207,317,789,1,-1,-1.000000
192,17,1,229,191,729,1,-1,-1.000000
192,24,1457,421,85,233,1,-1,-1.000000
193,1,83,61,295,1013,1,-1,-1.000000
193,2,1599,399,121,265,1,-1,-1.000000
193,3,1415,429,89,249,1,-1,-1.000000
193,4,565,371,165,411,1,-1,-1.000000
193,5,1363,531,73,165,1,-1,-1.000000
193,6,667,1,443,1073,1,-1,-1.000000
193,12,483,393,145,405,1,-1,-1.000000
193,13,825,317,187,499,1,-1,-1.000000
193,15,671,403,177,419,1,-1,-1.000000
193,16,143,209,315,783,1,-1,-1.000000
193,17,19,233,197,719,1,-1,-1.000000
193,24,1463,421,83,233,1,-1,-1.000000
194,1,55,55,281,1019,1,-1,-1.000000
194,2,1603,399,119,265,1,-1,-1.000000
194,3,1417,429,89,249,1,-1,-1.000000
194,4,571,371,165,411,1,-1,-1.000000
194,5,1367,531,71,165,1,-1,-1.000000
194,6,647,1,449,1073,1,-1,-1.000000
194,12,491,393,147,405,1,-1,-1.000000
194,13,837,319,187,495,1,-1,-1.000000
194,15,683,403,177,417,1,-1,-1.000000
194,16,161,213,311,775,1,-1,-1.000000
194,17,39,239,203,709,1,-1,-1.000000
194,24,1467,421,85,233,1,-1,-1.000000
195,1,27,47,267,1027,1,-1,-1.000000
195,2,1605,399,121,265,1,-1,-1.000000
195,3,1417,429,91,249,1,-1,-1.000000
195,4,579,371,163,411,1,-1,-1.000000
195,5,1369,531,73,165,1,-1,-1.000000
195,6,627,1,457,1075,1,-1,-1.000000
195,12,499,393,149,405,1,-1,-1.000000
195,13,849,319,187,493,1,-1,-1.000000
195,15,697,403,175,415,1,-1,-1.000000
195,16,179,215,309,769,1,-1,-1.000000
195,17,57,245,209,699,1,-1,-1.000000
195,24,1473,421,83,233,1,-1,-1.000000
196,2,1609,399,119,263,1,-1,-1.000000
196,3,1419,429,91,249,1,-1,-1.000000
196,4,585,371,163,409,1,-1,-1.000000
196,5,1373,531,71,165,1,-1,-1.000000
196,6,593,1,473,1075,1,-1,-1.000000
196,12,509,393,149,405,1,-1,-1.000000
196,13,863,321,185,489,1,-1,-1.000000
196,15,711,403,175,413,1,-1,-1.000000
196,16,197,217,307,763,1,-1,-1.000000
196,17,77,251,215,687,1,-1,-1.000000
196,24,1477,421,85,233,1,-1,-1.000000
197,2,1613,399,117,263,1,-1,-1.000000
197,3,1421,429,91,249,1,-1,-1.000000
197,4,593,371,163,409,1,-1,-1.000000
197,5,1375,529,73,167,1,-1,-1.000000
197,6,561,1,489,1075,1,-1,-1.000000
197,12,517,393,151,403,1,-1,-1.000000
197,13,875,321,183,487,1,-1,-1.000000
197,15,723,403,175,411,1,-1,-1.000000
197,16,215,219,305,755,1,-1,-1.000000
197,17,95,257,221,677,1,-1,-1.000000
197,24,1483,421,83,233,1,-1,-1.000000
198,2,1615,399,119,261,1,-1,-1.000000
198,3,1423,427,91,251,1,-1,-1.000000
198,4,599,371,163,409,1,-1,-1.000000
198,5,1379,529,71,167,1,-1,-1.000000
198,6,529,1,503,1075,1,-1,-1.000000
198,12,525,393,153,403,1,-1,-1.000000
198,13,887,323,183,483,1,-1,-1.000000
198,15,737,403,173,409,1,-1,-1.000000
198,16,233,221,303,749,1,-1,-1.000000
198,17,115,263,227,667,1,-1,-1.000000
198,24,1489,421,81,233,1,-1,-1.000000
199,2,1619,399,117,261,1,-1,-1.000000
199,3,1425,427,91,253,1,-1,-1.000000
199,4,607,371,161,409,1,-1,-1.000000
199,5,1381,529,73,167,1,-1,-1.000000
199,6,497,1,519,1077,1,-1,-1.000000
199,12,533,393,155,403,1,-1,-1.000000
199,13,899,323,183,481,1,-1,-1.000000
199,15,751,403,171,407,1,-1,-1.000000
199,16,251,223,301,743,1,-1,-1.000000
199,17,135,269,233,657,1,-1,-1.000000
199,24,1493,421,83,233,1,-1,-1.000000
200,2,1623,401,117,259,1,-1,-1.000000
200,3,1427,427,91,253,1,-1,-1.000000
200,4,613,371,161,409,1,-1,-1.000000
200,5,1385,529,71,167,1,-1,-1.000000
200,6,461,1,523,1075,1,-1,-1.000000
200,12,541,393,157,403,1,-1,-1.000000
200,13,911,325,183,477,1,-1,-1.000000
200,15,763,403,171,405,1,-1,-1.000000
200,16,269,225,299,737,1,-1,-1.000000
200,17,151,269,233,653,1,-1,-1.000000
200,24,1499,421,81,233,1,-1,-1.000000
201,2,1627,401,115,257,1,-1,-1.000000
201,3,1429,427,91,253,1,-1,-1.000000
201,4,621,371,159,407,1,-1,-1.000000
201,5,1387,529,73,167,1,-1,-1.000000
201,6,427,1,527,1075,1,-1,-1.000000
201,12,551,393,157,403,1,-1,-1.000000
201,13,925,325,181,475,1,-1,-1.000000
201,15,777,405,169,401,1,-1,-1.000000
201,16,287,227,297,731,1,-1,-1.000000
201,17,169,269,231,651,1,-1,-1.000000
201,24,1505,421,81,233,1,-1,-1.000000
202,2,1629,401,115,257,1,-1,-1.000000
202,3,1431,427,91,253,1,-1,-1.000000
202,4,627,371,159,407,1,-1,-1.000000
202,5,1389,527,75,169,1,-1,-1.000000
202,6,391,1,533,1075,1,-1,-1.000000
202,12,559,393,159,401,1,-1,-1.000000
202,13,937,327,181,471,1,-1,-1.000000
202,15,791,405,169,399,1,-1,-1.000000
202,16,303,231,295,723,1,-1,-1.000000
202,17,187,271,229,647,1,-1,-1.000000
202,24,1509,421,81,231,1,-1,-1.000000
203,2,1633,401,115,255,1,-1,-1.000000
203,3,1433,425,91,255,1,-1,-1.000000
203,4,635,371,159,407,1,-1,-1.000000
203,5,1393,527,73,169,1,-1,-1.000000
203,6,357,1,535,1073,1,-1,-1.000000
203,12,567,393,161,401,1,-1,-1.000000
203,13,949,327,181,469,1,-1,-1.000000
203,15,803,405,169,397,1,-1,-1.000000
203,16,321,233,293,717,1,-1,-1.000000
203,17,205,271,229,643,1,-1,-1.000000
203,24,1515,421,81,231,1,-1,-1.000000
204,2,1637,401,113,255,1,-1,-1.000000
204,3,1435,425,91,255,1,-1,-1.000000
204,4,641,371,159,407,1,-1,-1.000000
204,5,1395,527,75,169,1,-1,-1.000000
204,6,321,1,541,1073,1,-1,-1.000000
204,12,575,393,163,401,1,-1,-1.000000
204,13,961,329,181,465,1,-1,-1.000000
204,15,817,405,167,395,1,-1,-1.000000
204,16,339,235,291,711,1,-1,-1.000000
204,17,223,273,227,639,1,-1,-1.000000
204,24,1521,421,81,231,1,-1,-1.000000
205,2,1639,401,113,255,1,-1,-1.000000
205,3,1437,425,91,255,1,-1,-1.000000
205,4,649,371,157,405,1,-1,-1.000000
205,5,1399,527,73,169,1,-1,-1.000000
205,6,287,1,545,1073,1,-1,-1.000000
205,12,583,393,165,401,1,-1,-1.000000
205,13,973,329,181,463,1,-1,-1.000000
205,15,831,405,165,393,1,-1,-1.000000
205,16,357,237,289,705,1,-1,-1.000000
205,17,239,273,227,637,1,-1,-1.000000
205,24,1527,421,81,231,1,-1,-1.000000
206,2,1643,401,113,253,1,-1,-1.000000
206,3,1439,425,91,255,1,-1,-1.000000
206,4,655,371,157,405,1,-1,-1.000000
206,5,1401,527,75,169,1,-1,-1.000000
206,6,253,1,549,1073,1,-1,-1.000000
206,12,593,393,165,401,1,-1,-1.000000
206,13,987,331,179,459,1,-1,-1.000000
206,15,843,405,165,391,1,-1,-1.000000
206,16,375,239,287,699,1,-1,-1.000000
206,17,257,275,225,633,1,-1,-1.000000
206,24,1533,421,81,231,1,-1,-1.000000
207,2,1647,401,111,253,1,-1,-1.000000
207,3,1441,425,91,257,1,-1,-1.000000
207,4,663,371,155,405,1,-1,-1.000000
207,5,1405,525,73,171,1,-1,-1.000000
207,6,217,1,553,1071,1,-1,-1.000000
207,12,601,393,167,399,1,-1,-1.000000
207,13,995,331,177,457,1,-1,-1.000000
207,15,857,405,163,389,1,-1,-1.000000
207,16,393,241,285,693,1,-1,-1.000000
207,17,275,275,225,629,1,-1,-1.000000
207,24,1539,421,81,231,1,-1,-1.000000
208,2,1651,401,109,251,1,-1,-1.000000
208,3,1443,425,91,257,1,-1,-1.000000
208,4,669,371,155,405,1,-1,-1.000000
208,5,1407,525,75,171,1,-1,-1.000000
208,6,183,1,557,1071,1,-1,-1.000000
208,12,609,393,169,399,1,-1,-1.000000
208,13,1005,331,175,455,1,-1,-1.000000
208,15,871,407,163,385,1,-1,-1.000000
208,16,411,243,283,685,1,-1,-1.000000
208,17,293,277,223,625,1,-1,-1.000000
208,24,1545,421,81,231,1,-1,-1.000000
209,2,1653,401,111,251,1,-1,-1.000000
209,3,1445,423,91,259,1,-1,-1.000000
209,4,677,371,155,405,1,-1,-1.000000
209,5,1411,525,73,171,1,-1,-1.000000
209,6,147,1,563,1071,1,-1,-1.000000
209,12,617,393,171,399,1,-1,-1.000000
209,13,1013,333,175,453,1,-1,-1.000000
209,15,879,407,163,383,1,-1,-1.000000
209,16,429,245,281,679,1,-1,-1.000000
209,17,311,277,221,623,1,-1,-1.000000
209,24,1551,421,81,229,1,-1,-1.000000
210,2,1657,403,109,249,1,-1,-1.000000
210,3,1447,423,91,259,1,-1,-1.000000
210,4,683,371,155,403,1,-1,-1.000000
210,5,1413,525,75,171,1,-1,-1.000000
210,6,113,1,565,1069,1,-1,-1.000000
210,12,625,393,173,399,1,-1,-1.000000
210,13,1023,333,173,451,1,-1,-1.000000
210,15,889,407,161,381,1,-1,-1.000000
210,16,447,249,277,671,1,-1,-1.000000
210,17,329,279,221,619,1,-1,-1.000000
210,18,1,255,249,781,1,-1,-1.000000
210,24,1557,421,81,229,1,-1,-1.000000
211,2,1661,403,107,247,1,-1,-1.000000
211,3,1449,423,91,259,1,-1,-1.000000
211,4,691,371,153,403,1,-1,-1.000000
211,5,1417,525,75,173,1,-1,-1.000000
211,6,77,1,571,1069,1,-1,-1.000000
211,12,635,393,175,399,1,-1,-1.000000
211,13,1033,333,171,449,1,-1,-1.000000
211,15,899,407,159,379,1,-1,-1.000000
211,16,465,251,275,665,1,-1,-1.000000
211,17,345,279,221,615,1,-1,-1.000000
211,18,1,255,261,779,1,-1,-1.000000
211,24,1563,421,81,229,1,-1,-1.000000
212,2,1663,403,109,247,1,-1,-1.000000
212,3,1451,423,91,259,1,-1,-1.000000
212,4,697,369,153,405,1,-1,-1.000000
212,5,1419,525,75,173,1,-1,-1.000000
212,6,43,1,575,1069,1,-1,-1.000000
212,12,647,391,173,399,1,-1,-1.000000
212,13,1041,335,171,447,1,-1,-1.000000
212,15,907,407,159,379,1,-1,-1.000000
212,16,483,253,273,659,1,-1,-1.000000
212,17,363,279,219,613,1,-1,-1.000000
212,18,1,255,273,779,1,-1,-1.000000
212,24,1567,421,83,229,1,-1,-1.000000
213,2,1667,403,107,245,1,-1,-1.000000
213,3,1453,423,91,259,1,-1,-1.000000
213,4,705,369,151,405,1,-1,-1.000000
213,5,1423,525,75,173,1,-1,-1.000000
213,6,9,1,579,1069,1,-1,-1.000000
213,12,661,389,171,401,1,-1,-1.000000
213,13,1051,335,169,445,1,-1,-1.000000
213,15,917,407,159,377,1,-1,-1.000000
213,16,501,255,271,653,1,-1,-1.000000
213,17,381,281,217,609,1,-1,-1.000000
213,18,1,255,287,779,1,-1,-1.000000
213,24,1573,421,83,229,1,-1,-1.000000
214,2,1671,403,105,245,1,-1,-1.000000
214,3,1455,423,91,261,1,-1,-1.000000
214,4,711,369,151,405,1,-1,-1.000000
214,5,1425,525,75,173,1,-1,-1.000000
214,6,7,1,521,1069,1,-1,-1.000000
214,12,675,387,167,403,1,-1,-1.000000
214,13,1059,335,167,445,1,-1,-1.000000
214,15,927,409,157,373,1,-1,-1.000000
214,16,519,257,269,647,1,-1,-1.000000
214,17,399,281,217,605,1,-1,-1.000000
214,18,23,257,285,771,1,-1,-1.000000
214,24,1579,421,83,229,1,-1,-1.000000
215,2,1675,403,105,245,1,-1,-1.000000
215,3,1457,421,91,263,1,-1,-1.000000
215,4,719,369,151,403,1,-1,-1.000000
215,5,1429,525,75,173,1,-1,-1.000000
215,6,7,1,461,1069,1,-1,-1.000000
215,12,687,385,167,403,1,-1,-1.000000
215,13,1069,337,165,441,1,-1,-1.000000
215,15,935,409,157,373,1,-1,-1.000000
215,16,537,259,267,641,1,-1,-1.000000
215,17,417,283,215,601,1,-1,-1.000000
215,18,45,259,285,763,1,-1,-1.000000
215,24,1585,421,83,229,1,-1,-1.000000
216,2,1677,403,105,243,1,-1,-1.000000
216,3,1459,421,91,263,1,-1,-1.000000
216,4,725,369,151,403,1,-1,-1.000000
216,5,1433,525,75,175,1,-1,-1.000000
216,6,5,1,403,1069,1,-1,-1.000000
216,12,701,385,165,403,1,-1,-1.000000
216,13,1079,337,163,439,1,-1,-1.000000
216,15,945,409,155,371,1,-1,-1.000000
216,16,555,261,265,635,1,-1,-1.000000
216,17,433,283,215,599,1,-1,-1.000000
216,18,67,261,285,755,1,-1,-1.000000
216,24,1591,421,83,227,1,-1,-1.000000
217,2,1681,403,103,243,1,-1,-1.000000
217,3,1461,421,91,263,1,-1,-1.000000
217,4,733,369,149,403,1,-1,-1.000000
217,5,1435,525,75,175,1,-1,-1.000000
217,12,715,383,161,405,1,-1,-1.000000
217,13,1087,337,163,439,1,-1,-1.000000
217,15,955,409,153,369,1,-1,-1.000000
217,16,573,263,263,629,1,-1,-1.000000
217,17,451,285,213,595,1,-1,-1.000000
217,18,89,263,285,749,1,-1,-1.000000
217,24,1597,421,83,227,1,-1,-1.000000
218,2,1685,403,103,241,1,-1,-1.000000
218,3,1463,421,91,265,1,-1,-1.000000
218,4,739,369,149,403,1,-1,-1.000000
218,5,1439,525,75,175,1,-1,-1.000000
218,12,727,381,161,405,1,-1,-1.000000
218,13,1097,339,161,435,1,-1,-1.000000
218,15,963,409,155,369,1,-1,-1.000000
218,16,591,267,261,621,1,-1,-1.000000
218,17,469,285,213,591,1,-1,-1.000000
218,18,111,267,285,739,1,-1,-1.000000
218,24,1603,421,83,227,1,-1,-1.000000
219,2,1687,403,103,241,1,-1,-1.000000
219,3,1465,421,91,265,1,-1,-1.000000
219,4,747,369,147,401,1,-1,-1.000000
219,5,1441,525,77,175,1,-1,-1.000000
219,12,741,379,157,407,1,-1,-1.000000
219,13,1107,339,159,433,1,-1,-1.000000
219,15,973,409,153,367,1,-1,-1.000000
219,16,607,267,259,617,1,-1,-1.000000
219,17,487,287,211,587,1,-1,-1.000000
219,18,133,269,285,731,1,-1,-1.000000
219,24,1609,421,83,227,1,-1,-1.000000
220,2,1691,405,103,239,1,-1,-1.000000
220,3,1467,421,91,265,1,-1,-1.000000
220,4,753,369,147,401,1,-1,-1.000000
220,5,1445,525,75,175,1,-1,-1.000000
220,12,755,377,155,409,1,-1,-1.000000
220,13,1115,339,159,433,1,-1,-1.000000
220,15,983,411,151,363,1,-1,-1.000000
220,16,623,267,259,615,1,-1,-1.000000
220,17,505,287,209,585,1,-1,-1.000000
220,18,155,271,285,725,1,-1,-1.000000
220,24,1615,421,83,227,1,-1,-1.000000
221,2,1695,405,101,237,1,-1,-1.000000
221,3,1469,421,91,267,1,-1,-1.000000
221,4,761,369,147,401,1,-1,-1.000000
221,5,1449,527,75,175,1,-1,-1.000000
221,13,1125,341,155,429,1,-1,-1.000000
221,15,991,411,151,361,1,-1,-1.000000
221,16,639,267,257,613,1,-1,-1.000000
221,17,523,289,209,581,1,-1,-1.000000
221,18,177,273,283,717,1,-1,-1.000000
221,19,115,305,233,649,1,-1,-1.000000
221,24,1621,421,83,227,1,-1,-1.000000
222,2,1699,405,99,237,1,-1,-1.000000
222,3,1471,421,91,267,1,-1,-1.000000
222,4,767,369,147,401,1,-1,-1.000000
222,5,1451,527,77,175,1,-1,-1.000000
222,13,1133,341,155,429,1,-1,-1.000000
222,15,1001,411,149,361,1,-1,-1.000000
222,16,655,269,257,609,1,-1,-1.000000
222,17,535,289,207,577,1,-1,-1.000000
222,18,199,275,283,709,1,-1,-1.000000
222,19,135,305,225,643,1,-1,-1.000000
222,24,1627,421,83,227,1,-1,-1.000000
223,2,1701,405,101,235,1,-1,-1.000000
223,3,1473,421,91,267,1,-1,-1.000000
223,4,775,369,145,401,1,-1,-1.000000
223,5,1455,527,75,175,1,-1,-1.000000
223,13,1143,341,153,427,1,-1,-1.000000
223,15,1011,411,149,359,1,-1,-1.000000
223,16,671,269,257,607,1,-1,-1.000000
223,17,547,291,205,573,1,-1,-1.000000
223,18,221,279,283,699,1,-1,-1.000000
223,19,155,305,219,639,1,-1,-1.000000
223,24,1631,421,83,225,1,-1,-1.000000
224,2,1705,405,99,235,1,-1,-1.000000
224,3,1477,421,91,267,1,-1,-1.000000
224,4,781,369,145,399,1,-1,-1.000000
224,5,1457,527,77,175,1,-1,-1.000000
224,13,1153,343,151,423,1,-1,-1.000000
224,15,1019,411,149,357,1,-1,-1.000000
224,16,687,269,255,603,1,-1,-1.000000
224,17,559,291,205,571,1,-1,-1.000000
224,18,243,281,283,693,1,-1,-1.000000
224,19,175,305,213,635,1,-1,-1.000000
224,24,1637,421,83,225,1,-1,-1.000000
225,2,1709,405,97,235,1,-1,-1.000000
225,3,1479,421,91,269,1,-1,-1.000000
225,4,789,369,143,399,1,-1,-1.000000
225,5,1461,527,77,175,1,-1,-1.000000
225,13,1161,343,151,423,1,-1,-1.000000
225,15,1029,411,147,357,1,-1,-1.000000
225,16,703,271,255,599,1,-1,-1.000000
225,17,573,293,201,567,1,-1,-1.000000
225,18,265,283,283,685,1,-1,-1.000000
225,19,195,305,205,629,1,-1,-1.000000
225,24,1643,421,83,225,1,-1,-1.000000
226,2,1711,405,99,233,1,-1,-1.000000
226,3,1481,421,91,269,1,-1,-1.000000
226,4,795,369,143,399,1,-1,-1.000000
226,5,1465,527,75,177,1,-1,-1.000000
226,13,1171,343,149,421,1,-1,-1.000000
226,15,1039,413,145,353,1,-1,-1.000000
226,16,719,271,253,597,1,-1,-1.000000
226,17,585,293,201,565,1,-1,-1.000000
226,18,287,285,283,677,1,-1,-1.000000
226,19,215,305,199,625,1,-1,-1.000000
226,24,1649,421,83,225,1,-1,-1.000000
227,2,1715,405,97,233,1,-1,-1.000000
227,3,1483,421,91,269,1,-1,-1.000000
227,4,803,369,143,399,1,-1,-1.000000
227,5,1467,527,77,177,1,-1,-1.000000
227,13,1181,345,147,417,1,-1,-1.000000
227,15,1047,413,145,351,1,-1,-1.000000
227,16,735,271,253,595,1,-1,-1.000000
227,17,597,295,199,561,1,-1,-1.000000
227,18,309,289,283,669,1,-1,-1.000000
227,19,237,305,191,621,1,-1,-1.000000
227,24,1655,421,83,225,1,-1,-1.000000
228,2,1719,405,95,231,1,-1,-1.000000
228,3,1485,421,91,271,1,-1,-1.000000
228,4,809,369,143,397,1,-1,-1.000000
228,5,1471,527,77,177,1,-1,-1.000000
228,12,809,393,189,393,1,-1,-1.000000
228,13,1189,345,145,417,1,-1,-1.000000
228,15,1057,413,145,351,1,-1,-1.000000
228,16,751,273,253,591,1,-1,-1.000000
228,17,611,295,195,559,1,-1,-1.000000
228,18,327,289,281,665,1,-1,-1.000000
228,19,257,305,185,617,1,-1,-1.000000
228,24,1661,421,83,225,1,-1,-1.000000
229,2,1723,405,95,231,1,-1,-1.000000
229,3,1487,421,91,271,1,-1,-1.000000
229,4,817,369,141,397,1,-1,-1.000000
229,5,1473,527,77,177,1,-1,-1.000000
229,12,817,393,187,391,1,-1,-1.000000
229,13,1199,345,143,415,1,-1,-1.000000
229,15,1067,413,143,349,1,-1,-1.000000
229,16,767,273,251,587,1,-1,-1.000000
229,17,623,297,195,555,1,-1,-1.000000
229,18,345,291,279,661,1,-1,-1.000000
229,19,277,305,177,611,1,-1,-1.000000
229,24,1667,421,83,225,1,-1,-1.000000
230,2,1725,407,95,229,1,-1,-1.000000
230,3,1489,421,91,271,1,-1,-1.000000
230,4,823,369,141,397,1,-1,-1.000000
230,5,1477,527,77,177,1,-1,-1.000000
230,12,827,393,185,389,1,-1,-1.000000
230,13,1207,347,143,413,1,-1,-1.000000
230,15,1075,413,143,347,1,-1,-1.000000
230,16,783,273,251,585,1,-1,-1.000000
230,17,635,297,193,553,1,-1,-1.000000
230,18,365,291,275,657,1,-1,-1.000000
230,19,297,305,171,607,1,-1,-1.000000
230,24,1673,421,83,223,1,-1,-1.000000
231,2,1729,407,93,227,1,-1,-1.000000
231,3,1491,421,91,273,1,-1,-1.000000
231,4,831,369,139,397,1,-1,-1.000000
231,5,1481,529,77,177,1,-1,-1.000000
231,12,837,393,183,387,1,-1,-1.000000
231,13,1217,347,141,411,1,-1,-1.000000
231,15,1085,413,141,345,1,-1,-1.000000
231,16,799,273,249,583,1,-1,-1.000000
231,17,649,299,191,549,1,-1,-1.000000
231,18,383,293,273,653,1,-1,-1.000000
231,19,317,305,165,603,1,-1,-1.000000
231,24,1679,421,83,223,1,-1,-1.000000
232,2,1733,407,93,227,1,-1,-1.000000
232,3,1493,421,91,273,1,-1,-1.000000
232,4,837,367,139,399,1,-1,-1.000000
232,5,1485,529,77,177,1,-1,-1.000000
232,7,1173,431,97,231,1,-1,-1.000000
232,12,845,393,183,387,1,-1,-1.000000
232,13,1227,347,139,409,1,-1,-1.000000
232,15,1095,415,139,343,1,-1,-1.000000
232,16,815,275,249,579,1,-1,-1.000000
232,17,661,299,189,547,1,-1,-1.000000
232,18,401,293,273,651,1,-1,-1.000000
232,19,339,307,157,597,1,-1,-1.000000
232,24,1685,421,83,223,1,-1,-1.000000
233,2,1735,407,93,225,1,-1,-1.000000
233,3,1497,419,91,275,1,-1,-1.000000
233,4,845,367,139,397,1,-1,-1.000000
233,5,1491,529,77,177,1,-1,-1.000000
233,7,1173,429,97,233,1,-1,-1.000000
233,12,855,393,181,385,1,-1,-1.000000
233,13,1235,349,139,407,1,-1,-1.000000
233,15,1103,415,141,341,1,-1,-1.000000
233,16,831,275,249,577,1,-1,-1.000000
233,17,673,301,187,543,1,-1,-1.000000
233,18,421,295,269,645,1,-1,-1.000000
233,19,353,307,159,593,1,-1,-1.000000
233,24,1691,421,83,223,1,-1,-1.000000
234,2,1739,407,91,225,1,-1,-1.000000
234,3,1499,419,91,275,1,-1,-1.000000
234,4,851,367,139,397,1,-1,-1.000000
234,5,1497,529,77,177,1,-1,-1.000000
234,7,1175,429,97,233,1,-1,-1.000000
234,12,865,395,177,381,1,-1,-1.000000
234,13,1245,349,137,405,1,-1,-1.000000
234,15,1113,415,139,339,1,-1,-1.000000
234,16,847,275,247,573,1,-1,-1.000000
234,17,685,301,187,541,1,-1,-1.000000
234,18,439,295,267,643,1,-1,-1.000000
234,19,369,309,159,589,1,-1,-1.000000
234,24,1695,421,85,223,1,-1,-1.000000
235,2,1743,407,91,225,1,-1,-1.000000
235,3,1501,419,91,277,1,-1,-1.000000
235,4,859,367,137,397,1,-1,-1.000000
235,5,1503,529,77,179,1,-1,-1.000000
235,7,1177,429,97,233,1,-1,-1.000000
235,12,875,395,175,381,1,-1,-1.000000
235,13,1255,351,135,403,1,-1,-1.000000
235,15,1123,415,137,339,1,-1,-1.000000
235,16,863,277,247,569,1,-1,-1.000000
235,17,699,303,183,537,1,-1,-1.000000
235,18,457,297,265,637,1,-1,-1.000000
235,19,385,309,161,587,1,-1,-1.000000
235,24,1701,421,85,223,1,-1,-1.000000
236,2,1747,407,89,223,1,-1,-1.000000
236,3,1503,419,91,277,1,-1,-1.000000
236,4,865,367,137,397,1,-1,-1.000000
236,5,1509,531,77,177,1,-1,-1.000000
236,7,1177,429,97,233,1,-1,-1.000000
236,12,883,395,175,379,1,-1,-1.000000
236,13,1259,351,135,401,1,-1,-1.000000
236,15,1131,415,137,337,1,-1,-1.000000
236,16,879,277,245,567,1,-1,-1.000000
236,17,711,303,183,535,1,-1,-1.000000
236,18,477,299,263,633,1,-1,-1.000000
236,19,401,311,161,583,1,-1,-1.000000
236,24,1707,421,85,223,1,-1,-1.000000
237,2,1749,407,89,223,1,-1,-1.000000
237,3,1505,419,91,277,1,-1,-1.000000
237,4,873,367,135,397,1,-1,-1.000000
237,5,1513,531,79,177,1,-1,-1.000000
237,7,1179,429,97,233,1,-1,-1.000000
237,12,893,395,173,377,1,-1,-1.000000
237,13,1263,351,135,401,1,-1,-1.000000
237,15,1141,415,135,335,1,-1,-1.000000
237,16,895,277,245,565,1,-1,-1.000000
237,17,723,305,181,529,1,-1,-1.000000
237,18,495,299,261,631,1,-1,-1.000000
237,19,417,313,161,579,1,-1,-1.000000
237,24,1713,421,85,221,1,-1,-1.000000
238,2,1753,407,89,221,1,-1,-1.000000
238,3,1507,419,91,279,1,-1,-1.000000
238,4,879,367,135,395,1,-1,-1.000000
238,5,1519,531,79,179,1,-1,-1.000000
238,7,1181,429,97,235,1,-1,-1.000000
238,12,903,395,171,377,1,-1,-1.000000
238,13,1269,351,133,399,1,-1,-1.000000
238,15,1151,417,135,333,1,-1,-1.000000
238,16,911,279,245,561,1,-1,-1.000000
238,17,737,305,177,527,1,-1,-1.000000
238,18,513,301,259,625,1,-1,-1.000000
238,19,433,313,163,575,1,-1,-1.000000
238,24,1719,421,85,221,1,-1,-1.000000
239,2,1757,407,87,221,1,-1,-1.000000
239,3,1509,419,91,279,1,-1,-1.000000
239,4,887,367,135,395,1,-1,-1.000000
239,5,1525,531,79,179,1,-1,-1.000000
239,7,1181,429,97,235,1,-1,-1.000000
239,12,913,395,167,375,1,-1,-1.000000
239,13,1273,353,133,397,1,-1,-1.000000
239,15,1155,417,135,331,1,-1,-1.000000
239,16,919,279,243,559,1,-1,-1.000000
239,17,749,307,177,523,1,-1,-1.000000
239,18,533,301,255,623,1,-1,-1.000000
239,19,449,315,163,571,1,-1,-1.000000
239,24,1725,421,85,221,1,-1,-1.000000
240,2,1761,409,87,219,1,-1,-1.000000
240,3,1511,419,91,279,1,-1,-1.000000
240,4,893,367,135,395,1,-1,-1.000000
240,5,1531,531,79,179,1,-1,-1.000000
240,7,1183,429,97,235,1,-1,-1.000000
240,12,921,397,167,371,1,-1,-1.000000
240,13,1277,353,133,395,1,-1,-1.000000
240,15,1161,417,133,329,1,-1,-1.000000
240,16,927,281,243,555,1,-1,-1.000000
240,17,761,307,175,521,1,-1,-1.000000
240,18,551,303,255,617,1,-1,-1.000000
240,19,465,315,163,569,1,-1,-1.000000
240,24,1731,421,85,221,1,-1,-1.000000
241,2,1763,409,87,217,1,-1,-1.000000
241,3,1513,419,91,281,1,-1,-1.000000
241,4,901,367,133,395,1,-1,-1.000000
241,5,1537,533,79,179,1,-1,-1.000000
241,7,1185,429,97,235,1,-1,-1.000000
241,12,931,397,165,369,1,-1,-1.000000
241,13,1283,353,131,395,1,-1,-1.000000
241,15,1167,417,131,327,1,-1,-1.000000
241,16,937,283,239,551,1,-1,-1.000000
241,17,775,309,173,517,1,-1,-1.000000
241,18,569,303,253,615,1,-1,-1.000000
241,19,481,317,165,565,1,-1,-1.000000
241,24,1737,421,85,221,1,-1,-1.000000
242,2,1767,409,85,217,1,-1,-1.000000
242,3,1517,419,91,281,1,-1,-1.000000
242,4,907,367,133,393,1,-1,-1.000000
242,5,1541,531,79,181,1,-1,-1.000000
242,7,1185,429,97,235,1,-1,-1.000000
242,12,941,397,163,369,1,-1,-1.000000
242,13,1287,353,131,393,1,-1,-1.000000
242,15,1171,417,133,327,1,-1,-1.000000
242,16,945,283,239,549,1,-1,-1.000000
242,17,787,309,171,515,1,-1,-1.000000
242,18,589,305,249,611,1,-1,-1.000000
242,19,497,319,165,561,1,-1,-1.000000
242,24,1743,421,85,221,1,-1,-1.000000
243,2,1769,409,85,215,1,-1,-1.000000
243,3,1519,419,91,281,1,-1,-1.000000
243,4,915,367,131,393,1,-1,-1.000000
243,5,1547,531,79,181,1,-1,-1.000000
243,7,1187,429,97,235,1,-1,-1.000000
243,12,951,397,161,367,1,-1,-1.000000
243,13,1291,355,131,391,1,-1,-1.000000
243,15,1177,417,131,325,1,-1,-1.000000
243,16,953,285,239,545,1,-1,-1.000000
243,17,799,311,169,511,1,-1,-1.000000
243,18,607,307,247,605,1,-1,-1.000000
243,19,511,319,167,557,1,-1,-1.000000
243,24,1749,421,85,221,1,-1,-1.000000
244,2,1773,409,83,215,1,-1,-1.000000
244,3,1521,419,91,281,1,-1,-1.000000
244,4,921,367,131,393,1,-1,-1.000000
244,5,1553,531,79,181,1,-1,-1.000000
244,7,1189,427,97,239,1,-1,-1.000000
244,12,959,397,159,365,1,-1,-1.000000
244,13,1297,355,129,391,1,-1,-1.000000
244,15,1183,417,129,323,1,-1,-1.000000
244,16,963,287,235,541,1,-1,-1.000000
244,17,811,311,169,509,1,-1,-1.000000
244,18,625,307,245,603,1,-1,-1.000000
244,19,527,321,169,553,1,-1,-1.000000
244,24,1755,423,85,219,1,-1,-1.000000
245,2,1775,409,83,213,1,-1,-1.000000
245,3,1523,419,91,283,1,-1,-1.000000
245,4,929,367,131,393,1,-1,-1.000000
245,5,1559,531,79,181,1,-1,-1.000000
245,7,1191,427,97,239,1,-1,-1.000000
245,12,969,397,157,365,1,-1,-1.000000
245,13,1301,355,131,389,1,-1,-1.000000
245,15,1189,419,127,319,1,-1,-1.000000
245,16,971,287,235,541,1,-1,-1.000000
245,17,825,313,165,505,1,-1,-1.000000
245,18,645,309,243,597,1,-1,-1.000000
245,19,543,321,169,551,1,-1,-1.000000
245,24,1757,423,85,217,1,-1,-1.000000
246,2,1779,409,83,213,1,-1,-1.000000
246,3,1525,419,91,283,1,-1,-1.000000
246,4,935,367,131,393,1,-1,-1.000000
246,5,1565,531,79,183,1,-1,-1.000000
246,7,1191,427,97,239,1,-1,-1.000000
246,12,979,399,155,361,1,-1,-1.000000
246,13,1305,355,131,389,1,-1,-1.000000
246,15,1193,419,129,319,1,-1,-1.000000
246,16,981,289,231,537,1,-1,-1.000000
246,17,837,313,165,503,1,-1,-1.000000
246,18,663,309,241,595,1,-1,-1.000000
246,19,559,323,169,547,1,-1,-1.000000
246,24,1761,423,85,217,1,-1,-1.000000
247,2,1781,409,83,211,1,-1,-1.000000
247,3,1527,419,91,283,1,-1,-1.000000
247,4,943,367,129,391,1,-1,-1.000000
247,5,1569,531,81,183,1,-1,-1.000000
247,7,1193,427,97,239,1,-1,-1.000000
247,12,987,399,155,359,1,-1,-1.000000
247,13,1311,357,129,385,1,-1,-1.000000
247,15,1199,419,127,317,1,-1,-1.000000
247,16,989,291,231,533,1,-1,-1.000000
247,17,849,315,163,499,1,-1,-1.000000
247,18,681,311,239,591,1,-1,-1.000000
247,19,575,325,171,543,1,-1,-1.000000
247,24,1763,423,87,217,1,-1,-1.000000
248,2,1785,411,81,209,1,-1,-1.000000
248,3,1529,419,91,285,1,-1,-1.000000
248,4,949,367,129,391,1,-1,-1.000000
248,5,1575,529,81,185,1,-1,-1.000000
248,7,1195,427,97,239,1,-1,-1.000000
248,12,997,399,153,359,1,-1,-1.000000
248,13,1315,357,129,385,1,-1,-1.000000
248,15,1205,419,125,315,1,-1,-1.000000
248,16,997,291,231,531,1,-1,-1.000000
248,17,863,315,159,497,1,-1,-1.000000
248,18,701,311,235,587,1,-1,-1.000000
248,19,591,325,171,539,1,-1,-1.000000
248,24,1767,423,85,217,1,-1,-1.000000
249,2,1787,411,81,207,1,-1,-1.000000
249,3,1531,419,91,285,1,-1,-1.000000
249,4,957,367,127,391,1,-1,-1.000000
249,5,1581,529,81,185,1,-1,-1.000000
249,7,1195,427,97,239,1,-1,-1.000000
249,12,1007,399,149,357,1,-1,-1.000000
249,13,1321,357,127,383,1,-1,-1.000000
249,15,1209,419,127,315,1,-1,-1.000000
249,16,1007,293,227,527,1,-1,-1.000000
249,17,875,317,159,493,1,-1,-1.000000
249,18,719,313,235,583,1,-1,-1.000000
249,19,607,327,171,535,1,-1,-1.000000
249,24,1771,423,85,217,1,-1,-1.000000
250,2,1791,411,79,207,1,-1,-1.000000
250,3,1533,419,91,285,1,-1,-1.000000
250,4,963,367,127,391,1,-1,-1.000000
250,5,1587,529,81,187,1,-1,-1.000000
250,7,1197,427,97,241,1,-1,-1.000000
250,12,1017,399,147,355,1,-1,-1.000000
250,13,1325,357,127,383,1,-1,-1.000000
250,15,1215,419,125,313,1,-1,-1.000000
250,16,1015,295,227,523,1,-1,-1.000000
250,17,887,317,157,491,1,-1,-1.000000
250,18,737,315,233,577,1,-1,-1.000000
250,19,623,327,173,533,1,-1,-1.000000
250,24,1773,423,87,217,1,-1,-1.000000
251,2,1793,411,79,205,1,-1,-1.000000
251,3,1537,419,91,287,1,-1,-1.000000
251,4,971,367,127,391,1,-1,-1.000000
251,5,1593,529,81,187,1,-1,-1.000000
251,7,1199,427,97,241,1,-1,-1.000000
251,12,1025,399,147,353,1,-1,-1.000000
251,13,1329,359,127,379,1,-1,-1.000000
251,15,1221,419,123,311,1,-1,-1.000000
251,16,1023,295,225,521,1,-1,-1.000000
251,17,901,319,155,487,1,-1,-1.000000
251,18,757,315,229,575,1,-1,-1.000000
251,19,639,329,173,529,1,-1,-1.000000
251,24,1777,423,85,217,1,-1,-1.000000
252,2,1797,411,79,205,1,-1,-1.000000
252,3,1537,417,91,287,1,-1,-1.000000
252,4,977,367,127,389,1,-1,-1.000000
252,5,1599,529,81,187,1,-1,-1.000000
252,7,1199,427,97,241,1,-1,-1.000000
252,12,1035,401,145,351,1,-1,-1.000000
252,13,1335,359,125,379,1,-1,-1.000000
252,15,1227,421,121,307,1,-1,-1.000000
252,16,1033,297,223,519,1,-1,-1.000000
252,17,909,319,153,485,1,-1,-1.000000
252,18,775,317,227,571,1,-1,-1.000000
252,19,655,331,173,525,1,-1,-1.000000
252,24,1781,423,85,215,1,-1,-1.000000
253,2,1799,411,79,203,1,-1,-1.000000
253,3,1537,417,93,287,1,-1,-1.000000
253,4,983,367,127,387,1,-1,-1.000000
253,5,1603,529,83,187,1,-1,-1.000000
253,7,1201,427,97,241,1,-1,-1.000000
253,12,1045,401,143,349,1,-1,-1.000000
253,13,1339,359,125,379,1,-1,-1.000000
253,15,1231,421,123,307,1,-1,-1.000000
253,16,1041,299,223,515,1,-1,-1.000000
253,17,917,319,153,483,1,-1,-1.000000
253,18,793,317,227,567,1,-1,-1.000000
253,19,669,331,177,521,1,-1,-1.000000
253,24,1783,423,87,215,1,-1,-1.000000
254,2,1803,411,77,203,1,-1,-1.000000
254,3,1539,417,91,287,1,-1,-1.000000
254,4,989,367,127,387,1,-1,-1.000000
254,5,1609,529,83,189,1,-1,-1.000000
254,7,1203,427,97,241,1,-1,-1.000000
254,12,1055,401,139,347,1,-1,-1.000000
254,13,1343,359,125,377,1,-1,-1.000000
254,15,1237,421,121,305,1,-1,-1.000000
254,16,1051,299,219,513,1,-1,-1.000000
254,17,925,319,153,483,1,-1,-1.000000
254,18,813,319,223,563,1,-1,-1.000000
254,19,685,333,177,517,1,-1,-1.000000
254,24,1787,423,85,215,1,-1,-1.000000
255,2,1805,413,77,199,1,-1,-1.000000
255,3,1539,417,93,287,1,-1,-1.000000
255,4,995,367,127,385,1,-1,-1.000000
255,5,1615,527,83,191,1,-1,-1.000000
255,7,1205,427,97,243,1,-1,-1.000000
255,12,1063,401,139,347,1,-1,-1.000000
255,13,1349,361,125,375,1,-1,-1.000000
255,15,1243,421,119,303,1,-1,-1.000000
255,16,1059,301,219,509,1,-1,-1.000000
255,17,933,321,153,479,1,-1,-1.000000
255,18,831,319,221,559,1,-1,-1.000000
255,19,701,333,177,515,1,-1,-1.000000
255,24,1791,423,85,215,1,-1,-1.000000
256,2,1809,413,75,199,1,-1,-1.000000
256,3,1541,417,91,285,1,-1,-1.000000
256,4,1003,367,125,385,1,-1,-1.000000
256,5,1621,527,83,191,1,-1,-1.000000
256,7,1203,425,99,245,1,-1,-1.000000
256,12,1073,401,137,345,1,-1,-1.000000
256,13,1353,361,125,373,1,-1,-1.000000
256,15,1249,421,117,301,1,-1,-1.000000
256,16,1067,303,217,505,1,-1,-1.000000
256,17,941,321,153,479,1,-1,-1.000000
256,18,849,321,219,555,1,-1,-1.000000
256,19,717,335,179,511,1,-1,-1.000000
256,24,1793,423,87,215,1,-1,-1.000000
257,2,1811,413,75,197,1,-1,-1.000000
257,3,1541,417,93,285,1,-1,-1.000000
257,4,1009,367,125,383,1,-1,-1.000000
257,5,1627,527,83,191,1,-1,-1.000000
257,7,1203,425,99,245,1,-1,-1.000000
257,12,1083,401,135,343,1,-1,-1.000000
257,13,1357,361,125,373,1,-1,-1.000000
257,15,1253,421,119,301,1,-1,-1.000000
257,16,1077,303,215,503,1,-1,-1.000000
257,17,949,321,153,477,1,-1,-1.000000
257,18,869,323,217,551,1,-1,-1.000000
257,19,733,337,179,507,1,-1,-1.000000
257,24,1797,423,87,215,1,-1,-1.000000
258,2,1815,413,75,197,1,-1,-1.000000
258,3,1541,417,95,285,1,-1,-1.000000
258,4,1015,367,125,383,1,-1,-1.000000
258,5,1633,527,83,193,1,-1,-1.000000
258,7,1203,425,99,247,1,-1,-1.000000
258,12,1093,403,133,341,1,-1,-1.000000
258,13,1363,361,123,371,1,-1,-1.000000
258,15,1259,423,117,297,1,-1,-1.000000
258,16,1085,305,215,501,1,-1,-1.000000
258,17,957,323,153,475,1,-1,-1.000000
258,18,883,323,215,547,1,-1,-1.000000
258,19,749,337,179,503,1,-1,-1.000000
258,24,1801,423,85,215,1,-1,-1.000000
259,2,1817,413,75,195,1,-1,-1.000000
259,3,1543,417,93,285,1,-1,-1.000000
259,4,1021,369,127,379,1,-1,-1.000000
259,5,1637,527,85,193,1,-1,-1.000000
259,7,1203,425,101,247,1,-1,-1.000000
259,12,1099,401,133,341,1,-1,-1.000000
259,13,1367,363,123,369,1,-1,-1.000000
259,15,1265,423,115,295,1,-1,-1.000000
259,16,1093,307,213,497,1,-1,-1.000000
259,17,967,323,151,473,1,-1,-1.000000
259,18,897,323,213,543,1,-1,-1.000000
259,19,765,339,181,499,1,-1,-1.000000
259,24,1803,423,87,215,1,-1,-1.000000
260,2,1821,413,73,195,1,-1,-1.000000
260,3,1543,417,95,283,1,-1,-1.000000
260,4,1029,369,125,377,1,-1,-1.000000
260,5,1643,527,85,193,1,-1,-1.000000
260,7,1203,425,101,249,1,-1,-1.000000
260,12,1105,401,133,341,1,-1,-1.000000
260,13,1371,363,123,367,1,-1,-1.000000
260,15,1269,423,117,295,1,-1,-1.000000
260,16,1103,307,211,495,1,-1,-1.000000
260,17,975,323,151,471,1,-1,-1.000000
260,18,911,325,211,539,1,-1,-1.000000
260,19,781,339,181,497,1,-1,-1.000000
260,24,1807,423,87,213,1,-1,-1.000000
261,2,1823,413,73,193,1,-1,-1.000000
261,3,1545,417,93,283,1,-1,-1.000000
261,4,1035,369,125,377,1,-1,-1.000000
261,5,1649,527,85,193,1,-1,-1.000000
261,7,1203,423,101,251,1,-1,-1.000000
261,12,1111,401,133,339,1,-1,-1.000000
261,13,1377,363,121,367,1,-1,-1.000000
261,15,1275,423,115,293,1,-1,-1.000000
261,16,1111,309,209,491,1,-1,-1.000000
261,17,983,325,151,469,1,-1,-1.000000
261,18,927,325,207,535,1,-1,-1.000000
261,19,797,341,181,493,1,-1,-1.000000
261,24,1811,423,85,213,1,-1,-1.000000
262,2,1827,413,71,193,1,-1,-1.000000
262,3,1545,417,95,283,1,-1,-1.000000
262,4,1041,369,125,375,1,-1,-1.000000
262,5,1655,525,85,195,1,-1,-1.000000
262,7,1203,423,101,253,1,-1,-1.000000
262,12,1117,401,133,339,1,-1,-1.000000
262,13,1381,363,121,367,1,-1,-1.000000
262,15,1281,423,113,291,1,-1,-1.000000
262,16,1121,311,207,487,1,-1,-1.000000
262,17,991,325,151,467,1,-1,-1.000000
262,18,941,327,207,531,1,-1,-1.000000
262,19,813,343,183,489,1,-1,-1.000000
262,24,1813,423,87,213,1,-1,-1.000000
263,2,1829,415,71,189,1,-1,-1.000000
263,3,1545,417,97,283,1,-1,-1.000000
263,4,1047,369,125,375,1,-1,-1.000000
263,5,1661,525,85,197,1,-1,-1.000000
263,7,1203,423,103,253,1,-1,-1.000000
263,12,1123,401,133,337,1,-1,-1.000000
263,13,1387,365,119,363,1,-1,-1.000000
263,15,1287,423,111,289,1,-1,-1.000000
263,16,1129,311,207,485,1,-1,-1.000000
263,17,999,325,151,467,1,-1,-1.000000
263,18,955,327,205,527,1,-1,-1.000000
263,19,823,343,179,487,1,-1,-1.000000
263,24,1817,423,87,213,1,-1,-1.000000
