1,-1,1689.0,385.0,146.6,332.7,67.567001
1,-1,1303.0,503.0,61.5,139.6,29.438999
1,-1,1258.0,569.0,40.1,91.0,19.601000
1,-1,31.0,525.0,113.4,257.3,17.013000
1,-1,1800.0,483.0,94.7,214.8,11.949000
2,-1,1689.0,385.0,146.6,332.7,66.724998
2,-1,1312.0,503.0,61.5,139.6,36.613998
2,-1,1744.0,476.0,123.4,280.1,16.976000
2,-1,1254.0,537.0,52.0,118.0,15.979000
2,-1,55.0,542.0,94.7,214.8,9.332600
2,-1,1641.0,494.0,40.1,91.0,6.063800
3,-1,1742.0,513.0,94.7,214.8,64.803001
3,-1,1664.0,418.0,135.4,307.3,31.198000
3,-1,1312.0,503.0,61.5,139.6,30.007000
3,-1,1776.0,473.0,113.4,257.3,14.299000
3,-1,1234.0,415.0,103.2,234.1,12.991000
3,-1,107.0,494.0,103.2,234.1,11.712000
3,-1,51.0,555.0,87.8,199.3,3.731900
4,-1,1668.0,371.0,159.8,362.7,53.869999
4,-1,1759.0,473.0,113.4,257.3,34.214001
4,-1,1852.0,505.0,30.9,70.1,24.792999
4,-1,1305.0,500.0,67.5,153.1,21.299000
4,-1,107.0,494.0,103.2,234.1,15.325000
4,-1,58.0,566.0,79.9,181.4,3.316000
5,-1,1692.0,371.0,159.8,362.7,52.074001
5,-1,1848.0,505.0,30.9,70.1,36.828999
5,-1,1318.0,537.0,52.0,118.0,25.687000
5,-1,1643.0,396.0,159.8,362.7,11.573000
6,-1,1666.0,385.0,146.6,332.7,52.587002
6,-1,1849.0,510.0,28.3,64.2,35.022999
6,-1,1333.0,498.0,56.7,128.6,30.194000
6,-1,1318.0,537.0,52.0,118.0,30.132000
6,-1,1741.0,473.0,113.4,257.3,29.672001
6,-1,107.0,494.0,103.2,234.1,20.212000
7,-1,1668.0,371.0,159.8,362.7,49.716000
7,-1,1849.0,510.0,28.3,64.2,35.359001
7,-1,1316.0,489.0,67.5,153.1,28.889999
7,-1,1351.0,506.0,56.7,128.6,10.428000
7,-1,159.0,550.0,40.1,91.0,7.916500
7,-1,1263.0,545.0,47.8,108.5,4.723500
8,-1,1668.0,371.0,159.8,362.7,50.689999
8,-1,1322.0,494.0,61.5,139.6,38.786999
8,-1,1848.0,505.0,30.9,70.1,24.903999
8,-1,123.0,494.0,103.2,234.1,15.789000
8,-1,257.0,455.0,113.4,257.3,10.617000
9,-1,1666.0,385.0,146.6,332.7,59.030998
9,-1,1326.0,489.0,67.5,153.1,41.687000
9,-1,1848.0,505.0,30.9,70.1,30.606001
9,-1,1727.0,418.0,135.4,307.3,25.474001
9,-1,142.0,521.0,52.0,118.0,17.684999
9,-1,1274.0,551.0,43.6,99.0,14.674000
9,-1,266.0,463.0,103.2,234.1,13.241000
10,-1,1689.0,385.0,146.6,332.7,64.394997
10,-1,1326.0,500.0,67.5,153.1,44.719002
10,-1,146.0,515.0,56.7,128.6,17.341000
10,-1,266.0,463.0,103.2,234.1,16.724001
10,-1,1278.0,545.0,47.8,108.5,11.888000
10,-1,1849.0,510.0,28.3,64.2,8.141600
11,-1,1689.0,385.0,146.6,332.7,58.138000
11,-1,1326.0,500.0,67.5,153.1,38.028000
11,-1,266.0,463.0,103.2,234.1,13.404000
11,-1,1278.0,545.0,47.8,108.5,10.318000
11,-1,171.0,481.0,26.0,59.0,6.300000
11,-1,1844.0,367.0,94.7,214.8,3.710200
12,-1,1689.0,408.0,146.6,332.7,51.907001
12,-1,1326.0,490.0,73.9,167.6,39.416000
12,-1,-8.0,290.0,207.4,470.7,13.350000
12,-1,1837.0,351.0,103.2,234.1,8.353900
12,-1,1619.0,396.0,159.8,362.7,0.284140
13,-1,1689.0,385.0,146.6,332.7,54.748001
13,-1,1326.0,490.0,73.9,167.6,35.028000
13,-1,1643.0,408.0,146.6,332.7,28.729000
13,-1,151.0,501.0,28.3,64.2,15.713000
13,-1,1286.0,545.0,47.8,108.5,12.469000
13,-1,1867.0,391.0,30.9,70.1,4.438900
14,-1,1668.0,371.0,159.8,362.7,53.077999
14,-1,1326.0,490.0,73.9,167.6,34.284000
14,-1,1717.0,396.0,159.8,362.7,23.698999
14,-1,-52.0,254.0,270.8,614.6,17.787001
14,-1,1619.0,396.0,159.8,362.7,15.437000
14,-1,1867.0,391.0,30.9,70.1,7.069700
15,-1,1668.0,371.0,159.8,362.7,56.775002
15,-1,1825.0,535.0,33.7,76.6,40.166000
15,-1,1336.0,500.0,67.5,153.1,36.202999
15,-1,-52.0,254.0,270.8,614.6,25.027000
15,-1,1619.0,396.0,159.8,362.7,7.165600
15,-1,1867.0,393.0,26.0,59.0,4.806700
16,-1,1668.0,371.0,159.8,362.7,58.304001
16,-1,1834.0,532.0,36.7,83.3,49.653000
16,-1,1336.0,500.0,67.5,153.1,44.973000
16,-1,-52.0,254.0,270.8,614.6,39.897999
16,-1,1619.0,396.0,159.8,362.7,10.224000
16,-1,1320.0,462.0,30.9,70.1,1.339400
17,-1,1666.0,385.0,146.6,332.7,65.522003
17,-1,1336.0,500.0,67.5,153.1,46.264999
17,-1,1711.0,408.0,146.6,332.7,38.159000
17,-1,-52.0,254.0,270.8,614.6,34.543999
18,-1,1666.0,408.0,146.6,332.7,66.036003
18,-1,-52.0,254.0,270.8,614.6,44.021000
18,-1,1350.0,503.0,61.5,139.6,33.671001
18,-1,1594.0,396.0,159.8,362.7,22.940001
18,-1,1836.0,541.0,33.7,76.6,21.944000
18,-1,1295.0,461.0,87.8,199.3,17.900000
19,-1,1666.0,408.0,146.6,332.7,64.737999
19,-1,-52.0,254.0,270.8,614.6,56.379002
19,-1,1350.0,503.0,61.5,139.6,39.450001
19,-1,1594.0,396.0,159.8,362.7,19.525999
19,-1,1836.0,541.0,33.7,76.6,16.959000
19,-1,1291.0,454.0,94.7,214.8,9.968900
20,-1,1643.0,371.0,159.8,362.7,63.715000
20,-1,-52.0,254.0,270.8,614.6,52.828999
20,-1,1594.0,396.0,159.8,362.7,31.013000
20,-1,1349.0,490.0,73.9,167.6,31.000000
20,-1,1308.0,474.0,87.8,199.3,20.750999
20,-1,1838.0,543.0,30.9,70.1,11.683000
21,-1,1643.0,371.0,159.8,362.7,63.111000
21,-1,-52.0,254.0,270.8,614.6,55.834000
21,-1,1349.0,490.0,73.9,167.6,39.327000
21,-1,1594.0,396.0,159.8,362.7,33.805000
21,-1,1692.0,396.0,159.8,362.7,30.437000
21,-1,1308.0,474.0,87.8,199.3,13.999000
22,-1,1643.0,396.0,159.8,362.7,69.865997
22,-1,-52.0,254.0,270.8,614.6,52.643002
22,-1,1349.0,490.0,73.9,167.6,36.896999
22,-1,1594.0,371.0,159.8,362.7,24.466999
22,-1,1792.0,456.0,73.9,167.6,21.708000
22,-1,1314.0,468.0,79.9,181.4,16.320000
22,-1,298.0,463.0,103.2,234.1,9.189600
23,-1,1643.0,354.0,175.7,398.6,71.575996
23,-1,-52.0,254.0,270.8,614.6,55.723999
23,-1,1349.0,490.0,73.9,167.6,33.171001
23,-1,1589.0,381.0,175.7,398.6,30.184000
23,-1,1792.0,456.0,73.9,167.6,17.312000
23,-1,1315.0,468.0,73.9,167.6,11.149000
24,-1,1619.0,396.0,159.8,362.7,74.939003
24,-1,-52.0,254.0,270.8,614.6,48.298000
24,-1,1349.0,490.0,73.9,167.6,35.903000
24,-1,1668.0,371.0,159.8,362.7,32.518002
24,-1,1326.0,479.0,73.9,167.6,25.980000
24,-1,1804.0,475.0,61.5,139.6,11.826000
25,-1,1619.0,396.0,159.8,362.7,77.046997
25,-1,1349.0,490.0,73.9,167.6,36.734001
25,-1,-10.0,254.0,270.8,614.6,34.067001
25,-1,1668.0,371.0,159.8,362.7,30.143999
25,-1,1840.0,532.0,36.7,83.3,28.766001
25,-1,1326.0,479.0,73.9,167.6,26.270000
25,-1,1810.0,535.0,33.7,76.6,13.281000
25,-1,1843.0,357.0,79.9,181.4,8.826700
26,-1,1619.0,396.0,159.8,362.7,69.990997
26,-1,1349.0,490.0,73.9,167.6,35.431000
26,-1,1835.0,557.0,26.0,59.0,31.705999
26,-1,1326.0,479.0,73.9,167.6,25.202000
26,-1,1668.0,371.0,159.8,362.7,19.606001
26,-1,-52.0,254.0,270.8,614.6,14.007000
26,-1,312.0,500.0,30.9,70.1,11.290000
26,-1,1843.0,357.0,79.9,181.4,8.314800
26,-1,31.0,296.0,270.8,614.6,4.913900
27,-1,1616.0,354.0,175.7,398.6,70.678001
27,-1,1349.0,490.0,73.9,167.6,37.041000
27,-1,1831.0,557.0,26.0,59.0,26.431000
27,-1,1326.0,479.0,73.9,167.6,21.989000
27,-1,1670.0,381.0,175.7,398.6,18.886000
27,-1,1831.0,357.0,79.9,181.4,9.642600
27,-1,107.0,565.0,146.6,332.7,6.682700
27,-1,1562.0,381.0,175.7,398.6,6.405800
28,-1,1616.0,354.0,175.7,398.6,82.014000
28,-1,1349.0,490.0,73.9,167.6,36.827000
28,-1,31.0,254.0,270.8,614.6,33.904999
28,-1,1831.0,357.0,79.9,181.4,16.903999
28,-1,1308.0,461.0,87.8,199.3,14.938000
28,-1,1798.0,489.0,52.0,118.0,14.481000
29,-1,1619.0,371.0,159.8,362.7,72.384003
29,-1,1349.0,490.0,73.9,167.6,38.639000
29,-1,31.0,254.0,270.8,614.6,27.667000
29,-1,1569.0,396.0,159.8,362.7,18.851999
29,-1,1689.0,430.0,146.6,332.7,16.746000
29,-1,1767.0,325.0,189.3,429.6,14.398000
29,-1,1308.0,461.0,87.8,199.3,13.659000
30,-1,1616.0,354.0,175.7,398.6,65.412003
30,-1,1339.0,480.0,79.9,181.4,46.890999
30,-1,1810.0,533.0,30.9,70.1,35.290001
30,-1,31.0,254.0,270.8,614.6,26.037001
30,-1,1281.0,431.0,103.2,234.1,11.718000
30,-1,1562.0,381.0,175.7,398.6,10.235000
30,-1,1757.0,513.0,61.5,139.6,8.603500
30,-1,1821.0,526.0,103.2,234.1,6.607700
31,-1,1616.0,354.0,175.7,398.6,64.181000
31,-1,1349.0,490.0,73.9,167.6,50.362999
31,-1,1815.0,549.0,26.0,59.0,37.117001
31,-1,1326.0,479.0,73.9,167.6,29.999001
31,-1,31.0,254.0,270.8,614.6,14.004000
31,-1,1562.0,381.0,175.7,398.6,8.509600
31,-1,1829.0,542.0,94.7,214.8,6.314000
31,-1,1873.0,374.0,36.7,83.3,4.176700
32,-1,1619.0,396.0,159.8,362.7,68.372002
32,-1,1349.0,490.0,73.9,167.6,56.174000
32,-1,1752.0,290.0,207.4,470.7,33.243999
32,-1,1689.0,430.0,146.6,332.7,21.870001
32,-1,1308.0,461.0,87.8,199.3,16.652000
32,-1,127.0,688.0,94.7,214.8,16.468000
33,-1,1616.0,354.0,175.7,398.6,73.533997
33,-1,1339.0,480.0,79.9,181.4,52.712002
33,-1,1752.0,290.0,207.4,470.7,41.951000
33,-1,73.0,254.0,270.8,614.6,37.316002
33,-1,1295.0,461.0,87.8,199.3,13.145000
33,-1,1692.0,420.0,159.8,362.7,7.687800
34,-1,1616.0,354.0,175.7,398.6,73.734001
34,-1,1349.0,490.0,73.9,167.6,63.212002
34,-1,1752.0,290.0,207.4,470.7,39.560001
34,-1,1308.0,461.0,87.8,199.3,28.613001
34,-1,1692.0,396.0,159.8,362.7,23.190001
34,-1,73.0,254.0,270.8,614.6,23.080999
35,-1,1616.0,354.0,175.7,398.6,79.855003
35,-1,1349.0,490.0,73.9,167.6,61.084000
35,-1,1670.0,381.0,175.7,398.6,43.710999
35,-1,1752.0,290.0,207.4,470.7,35.540001
35,-1,1308.0,461.0,87.8,199.3,26.288000
35,-1,135.0,647.0,113.4,257.3,15.332000
36,-1,1616.0,354.0,175.7,398.6,70.056999
36,-1,1349.0,490.0,73.9,167.6,63.441002
36,-1,1670.0,381.0,175.7,398.6,45.533001
36,-1,1752.0,290.0,207.4,470.7,32.182999
36,-1,1308.0,461.0,87.8,199.3,21.660999
36,-1,145.0,713.0,79.9,181.4,15.604000
37,-1,1616.0,354.0,175.7,398.6,70.379997
37,-1,1349.0,490.0,73.9,167.6,65.470001
37,-1,1670.0,381.0,175.7,398.6,46.659000
37,-1,1752.0,290.0,207.4,470.7,31.266001
37,-1,1310.0,545.0,52.0,118.0,22.580999
37,-1,1332.0,463.0,33.7,76.6,11.161000
38,-1,1616.0,354.0,175.7,398.6,68.336998
38,-1,1349.0,490.0,73.9,167.6,59.666000
38,-1,1670.0,381.0,175.7,398.6,46.271000
38,-1,1752.0,290.0,207.4,470.7,34.966000
38,-1,1308.0,461.0,87.8,199.3,18.841999
38,-1,155.0,669.0,103.2,234.1,14.914000
38,-1,100.0,490.0,113.4,257.3,6.270800
39,-1,1616.0,381.0,175.7,398.6,68.450996
39,-1,1349.0,490.0,73.9,167.6,50.873001
39,-1,1752.0,290.0,207.4,470.7,27.191999
39,-1,1308.0,461.0,87.8,199.3,20.926001
39,-1,100.0,490.0,113.4,257.3,11.688000
40,-1,1622.0,354.0,189.3,429.6,69.024002
40,-1,1349.0,490.0,73.9,167.6,56.938000
40,-1,1752.0,290.0,207.4,470.7,27.790001
40,-1,1310.0,545.0,52.0,118.0,25.530001
40,-1,329.0,543.0,135.4,307.3,24.219000
41,-1,1622.0,354.0,189.3,429.6,73.546997
41,-1,1349.0,490.0,73.9,167.6,59.174999
41,-1,1752.0,290.0,207.4,470.7,31.459000
41,-1,1310.0,545.0,52.0,118.0,29.978001
41,-1,333.0,543.0,146.6,332.7,24.889999
42,-1,1622.0,354.0,189.3,429.6,70.720001
42,-1,1349.0,490.0,73.9,167.6,56.873001
42,-1,1752.0,290.0,207.4,470.7,36.560001
42,-1,236.0,248.0,226.7,514.5,22.091000
42,-1,1308.0,461.0,87.8,199.3,15.074000
42,-1,1564.0,325.0,189.3,429.6,12.935000
43,-1,1616.0,381.0,175.7,398.6,75.593002
43,-1,1349.0,490.0,73.9,167.6,46.469002
43,-1,1752.0,290.0,207.4,470.7,38.970001
43,-1,259.0,275.0,250.0,567.3,20.603001
43,-1,1310.0,537.0,52.0,118.0,18.292000
44,-1,1593.0,354.0,189.3,429.6,80.575996
44,-1,1349.0,490.0,73.9,167.6,50.828999
44,-1,1737.0,283.0,226.7,514.5,36.618999
44,-1,497.0,515.0,33.7,76.6,15.359000
44,-1,1308.0,461.0,87.8,199.3,12.268000
45,-1,1622.0,354.0,189.3,429.6,74.793999
45,-1,1349.0,490.0,73.9,167.6,54.438000
45,-1,1752.0,290.0,207.4,470.7,36.327000
45,-1,1564.0,325.0,189.3,429.6,29.290001
45,-1,1315.0,545.0,47.8,108.5,15.828000
46,-1,1593.0,354.0,189.3,429.6,73.627998
46,-1,1349.0,490.0,73.9,167.6,58.151001
46,-1,1752.0,290.0,207.4,470.7,41.979000
46,-1,1670.0,381.0,175.7,398.6,28.986000
46,-1,512.0,494.0,33.7,76.6,18.691999
46,-1,1315.0,545.0,47.8,108.5,10.599000
47,-1,1593.0,354.0,189.3,429.6,66.649002
47,-1,1349.0,490.0,73.9,167.6,54.048000
47,-1,1737.0,283.0,226.7,514.5,43.153999
47,-1,338.0,519.0,159.8,362.7,27.681999
47,-1,1670.0,381.0,175.7,398.6,25.357000
47,-1,1308.0,461.0,87.8,199.3,16.058001
47,-1,523.0,489.0,33.7,76.6,11.036000
47,-1,452.0,399.0,73.9,167.6,8.904200
47,-1,1378.0,510.0,67.5,153.1,7.310400
48,-1,1593.0,354.0,189.3,429.6,63.243000
48,-1,1349.0,490.0,73.9,167.6,54.639000
48,-1,1737.0,283.0,226.7,514.5,44.187000
48,-1,1670.0,354.0,175.7,398.6,20.951000
48,-1,1308.0,461.0,87.8,199.3,14.046000
48,-1,323.0,254.0,270.8,614.6,12.144000
49,-1,1593.0,354.0,189.3,429.6,69.067001
49,-1,1349.0,490.0,73.9,167.6,56.655998
49,-1,1752.0,290.0,207.4,470.7,43.303001
49,-1,1670.0,354.0,175.7,398.6,24.656000
49,-1,336.0,236.0,250.0,567.3,17.948000
49,-1,1308.0,461.0,87.8,199.3,14.792000
49,-1,107.0,494.0,103.2,234.1,14.107000
50,-1,1593.0,354.0,189.3,429.6,69.552002
50,-1,1349.0,490.0,73.9,167.6,49.766998
50,-1,1737.0,283.0,226.7,514.5,36.584999
50,-1,1670.0,381.0,175.7,398.6,27.052000
50,-1,1315.0,545.0,47.8,108.5,18.745001
50,-1,374.0,275.0,250.0,567.3,10.759000
51,-1,1564.0,354.0,189.3,429.6,68.849998
51,-1,1349.0,490.0,73.9,167.6,44.877998
51,-1,1643.0,381.0,175.7,398.6,39.400002
51,-1,1737.0,283.0,226.7,514.5,37.965000
51,-1,1308.0,461.0,87.8,199.3,13.649000
52,-1,1593.0,354.0,189.3,429.6,60.966999
52,-1,1349.0,490.0,73.9,167.6,49.451000
52,-1,1737.0,283.0,226.7,514.5,38.206001
52,-1,1670.0,381.0,175.7,398.6,22.059999
52,-1,1315.0,545.0,47.8,108.5,16.975000
53,-1,1593.0,354.0,189.3,429.6,57.805000
53,-1,1349.0,490.0,73.9,167.6,55.381001
53,-1,1737.0,283.0,226.7,514.5,30.073999
53,-1,1315.0,545.0,47.8,108.5,16.195999
53,-1,1651.0,383.0,189.3,429.6,15.700000
53,-1,556.0,437.0,56.7,128.6,10.583000
54,-1,1593.0,354.0,189.3,429.6,59.841000
54,-1,1349.0,490.0,73.9,167.6,51.860001
54,-1,1737.0,283.0,226.7,514.5,40.997002
54,-1,1651.0,383.0,189.3,429.6,19.851999
54,-1,13.0,490.0,113.4,257.3,15.203000
54,-1,107.0,494.0,103.2,234.1,13.594000
54,-1,1308.0,461.0,87.8,199.3,11.447000
55,-1,1528.0,322.0,207.4,470.7,58.095001
55,-1,1349.0,490.0,73.9,167.6,48.271000
55,-1,1622.0,354.0,189.3,429.6,47.882999
55,-1,1737.0,283.0,226.7,514.5,43.223000
55,-1,582.0,498.0,146.6,332.7,22.641001
55,-1,1308.0,461.0,87.8,199.3,14.390000
55,-1,107.0,494.0,103.2,234.1,12.818000
55,-1,13.0,490.0,113.4,257.3,8.200800
56,-1,1564.0,354.0,189.3,429.6,60.118999
56,-1,1349.0,490.0,73.9,167.6,49.125000
56,-1,1702.0,283.0,226.7,514.5,46.550999
56,-1,582.0,498.0,146.6,332.7,27.146999
56,-1,1308.0,461.0,87.8,199.3,14.651000
56,-1,1643.0,408.0,175.7,398.6,11.498000
56,-1,84.0,527.0,94.7,214.8,1.262700
57,-1,1564.0,354.0,189.3,429.6,61.474998
57,-1,1349.0,490.0,73.9,167.6,46.852001
57,-1,579.0,522.0,135.4,307.3,42.276001
57,-1,1702.0,283.0,226.7,514.5,40.341000
57,-1,1622.0,383.0,189.3,429.6,17.514999
57,-1,1308.0,461.0,87.8,199.3,15.699000
58,-1,1349.0,490.0,73.9,167.6,48.833000
58,-1,1737.0,283.0,226.7,514.5,48.702000
58,-1,1593.0,354.0,189.3,429.6,44.318001
58,-1,604.0,552.0,123.4,280.1,24.186001
58,-1,1308.0,461.0,87.8,199.3,15.963000
58,-1,1535.0,325.0,189.3,429.6,13.127000
58,-1,107.0,494.0,103.2,234.1,11.479000
58,-1,33.0,495.0,123.4,280.1,9.878000
58,-1,1651.0,383.0,189.3,429.6,9.362900
59,-1,1737.0,283.0,226.7,514.5,52.272999
59,-1,1349.0,490.0,73.9,167.6,50.528999
59,-1,1622.0,354.0,189.3,429.6,41.521999
59,-1,1528.0,353.0,207.4,470.7,39.826000
59,-1,1378.0,510.0,67.5,153.1,15.880000
59,-1,1308.0,461.0,87.8,199.3,15.087000
59,-1,13.0,490.0,113.4,257.3,8.438800
60,-1,1702.0,283.0,226.7,514.5,49.047001
60,-1,1349.0,490.0,73.9,167.6,48.118999
60,-1,1528.0,353.0,207.4,470.7,41.755001
60,-1,1622.0,354.0,189.3,429.6,32.632999
60,-1,532.0,213.0,270.8,614.6,17.771000
60,-1,1315.0,545.0,47.8,108.5,14.856000
60,-1,377.0,447.0,103.2,234.1,5.162300
61,-1,1554.0,514.0,123.4,280.1,53.014999
61,-1,1702.0,283.0,226.7,514.5,50.716000
61,-1,1349.0,490.0,73.9,167.6,46.722000
61,-1,1622.0,354.0,189.3,429.6,24.336000
61,-1,393.0,463.0,103.2,234.1,15.025000
61,-1,113.0,513.0,94.7,214.8,14.221000
61,-1,1378.0,510.0,67.5,153.1,13.566000
61,-1,616.0,748.0,40.1,91.0,12.186000
61,-1,528.0,236.0,250.0,567.3,10.415000
61,-1,1315.0,545.0,47.8,108.5,6.504200
62,-1,1702.0,283.0,226.7,514.5,53.216000
62,-1,1554.0,514.0,123.4,280.1,48.647999
62,-1,1349.0,490.0,73.9,167.6,44.681000
62,-1,1622.0,354.0,189.3,429.6,21.698000
62,-1,566.0,236.0,250.0,567.3,19.586000
62,-1,377.0,463.0,103.2,234.1,15.189000
62,-1,1315.0,545.0,47.8,108.5,11.558000
62,-1,898.0,524.0,43.6,99.0,6.670800
62,-1,1490.0,445.0,56.7,128.6,4.075500
63,-1,1528.0,322.0,207.4,470.7,57.984001
63,-1,1702.0,283.0,226.7,514.5,54.973999
63,-1,1351.0,480.0,79.9,181.4,47.674000
63,-1,377.0,463.0,103.2,234.1,27.306000
63,-1,1592.0,353.0,207.4,470.7,26.562000
63,-1,566.0,236.0,250.0,567.3,24.716000
63,-1,1308.0,461.0,87.8,199.3,18.725000
63,-1,906.0,532.0,40.1,91.0,2.471300
64,-1,1528.0,322.0,207.4,470.7,52.383999
64,-1,1702.0,283.0,226.7,514.5,49.421001
64,-1,1349.0,490.0,73.9,167.6,49.373001
64,-1,393.0,447.0,103.2,234.1,30.743000
64,-1,1592.0,353.0,207.4,470.7,24.631001
64,-1,566.0,236.0,250.0,567.3,22.315001
64,-1,1308.0,461.0,87.8,199.3,15.606000
64,-1,28.0,510.0,103.2,234.1,2.807000
65,-1,1567.0,542.0,113.4,257.3,63.039001
65,-1,1349.0,490.0,73.9,167.6,52.873001
65,-1,1702.0,283.0,226.7,514.5,51.194000
65,-1,393.0,447.0,103.2,234.1,41.304001
65,-1,796.0,741.0,28.3,64.2,17.650999
65,-1,1622.0,383.0,189.3,429.6,16.760000
65,-1,1308.0,461.0,87.8,199.3,16.362000
65,-1,963.0,547.0,73.9,167.6,3.805000
66,-1,1528.0,322.0,207.4,470.7,55.162998
66,-1,1349.0,490.0,73.9,167.6,55.127998
66,-1,1680.0,236.0,250.0,567.3,53.530998
66,-1,809.0,741.0,28.3,64.2,35.819000
66,-1,393.0,447.0,103.2,234.1,35.627998
66,-1,1592.0,353.0,207.4,470.7,17.711000
66,-1,1308.0,461.0,87.8,199.3,14.207000
66,-1,1378.0,510.0,67.5,153.1,12.432000
67,-1,1680.0,236.0,250.0,567.3,57.077000
67,-1,1349.0,490.0,73.9,167.6,51.191002
67,-1,1535.0,408.0,175.7,398.6,50.520000
67,-1,409.0,447.0,103.2,234.1,40.889000
67,-1,1593.0,354.0,189.3,429.6,25.176001
67,-1,1378.0,510.0,67.5,153.1,19.622999
67,-1,1308.0,461.0,87.8,199.3,17.631001
67,-1,695.0,542.0,94.7,214.8,8.579400
67,-1,622.0,465.0,52.0,118.0,5.634000
68,-1,1680.0,236.0,250.0,567.3,60.132000
68,-1,1349.0,490.0,73.9,167.6,52.445999
68,-1,1535.0,354.0,189.3,429.6,52.245998
68,-1,409.0,447.0,103.2,234.1,30.968000
68,-1,1310.0,545.0,52.0,118.0,23.049999
68,-1,1593.0,383.0,189.3,429.6,13.872000
68,-1,806.0,689.0,52.0,118.0,10.521000
68,-1,963.0,547.0,73.9,167.6,6.930600
69,-1,1680.0,236.0,250.0,567.3,56.741001
69,-1,1349.0,490.0,73.9,167.6,55.577000
69,-1,1528.0,353.0,207.4,470.7,48.020000
69,-1,409.0,447.0,103.2,234.1,34.147999
69,-1,689.0,283.0,226.7,514.5,17.747000
69,-1,1378.0,510.0,67.5,153.1,17.702999
69,-1,1603.0,275.0,250.0,567.3,7.601900
69,-1,973.0,552.0,67.5,153.1,5.136800
70,-1,1680.0,236.0,250.0,567.3,60.488998
70,-1,1349.0,490.0,73.9,167.6,57.865002
70,-1,1528.0,353.0,207.4,470.7,44.150002
70,-1,409.0,447.0,103.2,234.1,34.200001
70,-1,704.0,721.0,47.8,108.5,28.285000
70,-1,678.0,447.0,103.2,234.1,21.164000
70,-1,1378.0,510.0,67.5,153.1,20.070000
70,-1,781.0,542.0,113.4,257.3,17.790001
70,-1,1308.0,461.0,87.8,199.3,17.379000
70,-1,1597.0,283.0,226.7,514.5,14.120000
70,-1,905.0,524.0,43.6,99.0,8.911100
70,-1,963.0,547.0,73.9,167.6,7.564100
71,-1,1496.0,353.0,207.4,470.7,55.605000
71,-1,1339.0,480.0,79.9,181.4,52.208000
71,-1,1680.0,236.0,250.0,567.3,51.283001
71,-1,1379.0,513.0,61.5,139.6,25.705999
71,-1,409.0,447.0,103.2,234.1,25.500999
71,-1,797.0,645.0,67.5,153.1,25.087000
71,-1,730.0,712.0,43.6,99.0,24.940001
71,-1,720.0,266.0,189.3,429.6,20.371000
71,-1,1560.0,322.0,207.4,470.7,16.511000
71,-1,1295.0,461.0,87.8,199.3,13.455000
71,-1,229.0,483.0,94.7,214.8,12.649000
71,-1,963.0,552.0,67.5,153.1,9.281200
71,-1,33.0,495.0,123.4,280.1,7.871800
72,-1,1349.0,490.0,73.9,167.6,60.777000
72,-1,1496.0,353.0,207.4,470.7,48.581001
72,-1,1680.0,236.0,250.0,567.3,44.700001
72,-1,720.0,266.0,189.3,429.6,28.292000
72,-1,757.0,705.0,43.6,99.0,27.830999
72,-1,409.0,447.0,103.2,234.1,27.284000
72,-1,1310.0,545.0,52.0,118.0,26.063000
72,-1,775.0,533.0,123.4,280.1,20.283001
72,-1,963.0,547.0,73.9,167.6,14.305000
72,-1,1560.0,322.0,207.4,470.7,13.360000
72,-1,223.0,455.0,113.4,257.3,6.559900
73,-1,1496.0,353.0,207.4,470.7,62.770000
73,-1,1349.0,490.0,73.9,167.6,58.908001
73,-1,1680.0,236.0,250.0,567.3,47.730999
73,-1,728.0,258.0,207.4,470.7,43.658001
73,-1,1310.0,545.0,52.0,118.0,26.707001
73,-1,409.0,447.0,103.2,234.1,25.180000
73,-1,234.0,478.0,103.2,234.1,13.379000
73,-1,1560.0,322.0,207.4,470.7,13.018000
73,-1,14.0,476.0,123.4,280.1,6.632000
74,-1,1349.0,490.0,73.9,167.6,57.214001
74,-1,1496.0,353.0,207.4,470.7,54.520000
74,-1,1680.0,236.0,250.0,567.3,54.119999
74,-1,794.0,533.0,123.4,280.1,51.346001
74,-1,409.0,447.0,103.2,234.1,27.552999
74,-1,749.0,266.0,189.3,429.6,20.146000
74,-1,1310.0,545.0,52.0,118.0,19.948000
74,-1,1603.0,275.0,250.0,567.3,18.573999
74,-1,14.0,476.0,123.4,280.1,6.115500
75,-1,1349.0,490.0,73.9,167.6,55.082001
75,-1,1528.0,353.0,207.4,470.7,53.124001
75,-1,799.0,542.0,113.4,257.3,51.444000
75,-1,1680.0,236.0,250.0,567.3,48.681999
75,-1,1308.0,461.0,87.8,199.3,24.025999
75,-1,851.0,514.0,123.4,280.1,19.288000
75,-1,415.0,438.0,113.4,257.3,18.711000
75,-1,1603.0,275.0,250.0,567.3,16.209999
75,-1,1378.0,510.0,67.5,153.1,15.909000
75,-1,1464.0,322.0,207.4,470.7,12.848000
75,-1,13.0,490.0,113.4,257.3,10.481000
75,-1,250.0,463.0,103.2,234.1,9.720200
75,-1,788.0,293.0,135.4,307.3,4.230800
76,-1,1496.0,353.0,207.4,470.7,56.418999
76,-1,1339.0,480.0,79.9,181.4,52.688000
76,-1,1680.0,236.0,250.0,567.3,52.194000
76,-1,759.0,283.0,226.7,514.5,48.511002
76,-1,424.0,447.0,103.2,234.1,28.749001
76,-1,1379.0,513.0,61.5,139.6,25.796000
76,-1,1603.0,275.0,250.0,567.3,20.051001
76,-1,1310.0,545.0,52.0,118.0,18.268999
76,-1,250.0,478.0,103.2,234.1,15.159000
76,-1,14.0,476.0,123.4,280.1,2.531000
77,-1,1349.0,490.0,73.9,167.6,62.119999
77,-1,1667.0,283.0,226.7,514.5,55.657001
77,-1,1492.0,318.0,226.7,514.5,45.910000
77,-1,809.0,627.0,79.9,181.4,32.411999
77,-1,409.0,447.0,103.2,234.1,24.070999
77,-1,1310.0,545.0,52.0,118.0,21.030001
77,-1,250.0,463.0,103.2,234.1,20.136999
77,-1,889.0,514.0,123.4,280.1,18.830999
77,-1,1562.0,283.0,226.7,514.5,0.222540
78,-1,1339.0,480.0,79.9,181.4,60.347000
78,-1,1667.0,283.0,226.7,514.5,55.653999
78,-1,1492.0,318.0,226.7,514.5,52.438999
78,-1,1372.0,490.0,73.9,167.6,27.658001
78,-1,808.0,609.0,87.8,199.3,26.347000
78,-1,424.0,447.0,103.2,234.1,24.832001
78,-1,1310.0,545.0,52.0,118.0,21.034000
78,-1,983.0,719.0,28.3,64.2,14.619000
78,-1,14.0,476.0,123.4,280.1,13.551000
78,-1,1562.0,283.0,226.7,514.5,9.037800
79,-1,1339.0,480.0,79.9,181.4,55.980999
79,-1,1492.0,318.0,226.7,514.5,53.252998
79,-1,1642.0,275.0,250.0,567.3,50.000999
79,-1,1310.0,545.0,52.0,118.0,28.083000
79,-1,424.0,447.0,103.2,234.1,27.438999
79,-1,1372.0,490.0,73.9,167.6,26.066000
79,-1,250.0,463.0,103.2,234.1,18.770000
79,-1,809.0,615.0,79.9,181.4,15.097000
79,-1,13.0,490.0,113.4,257.3,14.539000
79,-1,1887.0,533.0,26.0,59.0,6.713800
79,-1,1003.0,721.0,26.0,59.0,4.464100
80,-1,1492.0,318.0,226.7,514.5,73.293999
80,-1,1349.0,490.0,73.9,167.6,59.736000
80,-1,1642.0,275.0,250.0,567.3,58.485001
80,-1,424.0,447.0,103.2,234.1,31.215000
80,-1,1310.0,545.0,52.0,118.0,20.312000
80,-1,1007.0,721.0,26.0,59.0,19.011999
80,-1,266.0,463.0,103.2,234.1,15.137000
80,-1,1378.0,510.0,67.5,153.1,12.262000
80,-1,14.0,476.0,123.4,280.1,11.245000
81,-1,1349.0,490.0,73.9,167.6,62.027000
81,-1,1496.0,353.0,207.4,470.7,58.096001
81,-1,1642.0,275.0,250.0,567.3,52.758999
81,-1,1310.0,545.0,52.0,118.0,23.393999
81,-1,424.0,447.0,103.2,234.1,17.403000
81,-1,1418.0,412.0,189.3,429.6,10.063000
81,-1,33.0,495.0,123.4,280.1,6.370800
81,-1,957.0,542.0,79.9,181.4,6.347600
82,-1,1458.0,318.0,226.7,514.5,61.074001
82,-1,1349.0,490.0,73.9,167.6,57.958000
82,-1,1642.0,275.0,250.0,567.3,51.195000
82,-1,440.0,447.0,103.2,234.1,24.257999
82,-1,1310.0,545.0,52.0,118.0,21.518999
82,-1,1378.0,510.0,67.5,153.1,14.105000
83,-1,1339.0,480.0,79.9,181.4,57.241001
83,-1,1680.0,275.0,250.0,567.3,52.241001
83,-1,1458.0,318.0,226.7,514.5,50.539001
83,-1,1372.0,490.0,73.9,167.6,29.715000
83,-1,1603.0,236.0,250.0,567.3,28.591000
83,-1,1310.0,545.0,52.0,118.0,26.763000
83,-1,432.0,438.0,113.4,257.3,20.242001
83,-1,37.0,522.0,135.4,307.3,11.272000
83,-1,1006.0,669.0,47.8,108.5,7.724800
83,-1,886.0,300.0,175.7,398.6,1.401600
84,-1,1339.0,480.0,79.9,181.4,52.942001
84,-1,1458.0,318.0,226.7,514.5,51.584999
84,-1,1656.0,258.0,207.4,470.7,46.907001
84,-1,1744.0,571.0,123.4,280.1,36.784000
84,-1,1372.0,490.0,73.9,167.6,29.764000
84,-1,440.0,447.0,103.2,234.1,25.743000
84,-1,1310.0,545.0,52.0,118.0,25.044001
84,-1,1895.0,524.0,30.9,70.1,22.665001
84,-1,888.0,290.0,207.4,470.7,18.900999
85,-1,1464.0,353.0,207.4,470.7,67.638000
85,-1,1339.0,480.0,79.9,181.4,51.109001
85,-1,1656.0,258.0,207.4,470.7,49.791000
85,-1,888.0,290.0,207.4,470.7,46.124001
85,-1,1379.0,513.0,61.5,139.6,33.570999
85,-1,1310.0,545.0,52.0,118.0,26.884001
85,-1,432.0,438.0,113.4,257.3,24.100000
85,-1,1744.0,571.0,123.4,280.1,22.306000
85,-1,37.0,522.0,135.4,307.3,8.695000
86,-1,1458.0,318.0,226.7,514.5,57.095001
86,-1,1349.0,490.0,73.9,167.6,55.438000
86,-1,1656.0,258.0,207.4,470.7,55.428001
86,-1,1310.0,545.0,52.0,118.0,33.988998
86,-1,920.0,290.0,207.4,470.7,32.729000
86,-1,1378.0,510.0,67.5,153.1,28.243999
86,-1,440.0,447.0,103.2,234.1,26.794001
86,-1,1734.0,520.0,146.6,332.7,21.643000
86,-1,1527.0,353.0,226.7,514.5,20.031000
86,-1,40.0,498.0,146.6,332.7,6.326200
87,-1,1458.0,318.0,226.7,514.5,58.851002
87,-1,1349.0,490.0,73.9,167.6,58.109001
87,-1,1656.0,258.0,207.4,470.7,57.957001
87,-1,920.0,290.0,207.4,470.7,45.757000
87,-1,1310.0,545.0,52.0,118.0,29.612000
87,-1,1727.0,543.0,135.4,307.3,26.423000
87,-1,440.0,447.0,103.2,234.1,23.674000
87,-1,1378.0,510.0,67.5,153.1,21.278000
87,-1,-24.0,495.0,123.4,280.1,13.824000
88,-1,1656.0,258.0,207.4,470.7,63.922001
88,-1,1349.0,490.0,73.9,167.6,63.693001
88,-1,920.0,290.0,207.4,470.7,48.868999
88,-1,1458.0,318.0,226.7,514.5,45.412998
88,-1,1711.0,520.0,146.6,332.7,31.330000
88,-1,1310.0,545.0,52.0,118.0,31.105000
88,-1,1378.0,510.0,67.5,153.1,24.108000
88,-1,302.0,469.0,94.7,214.8,19.834999
88,-1,440.0,447.0,103.2,234.1,19.712000
89,-1,1349.0,490.0,73.9,167.6,64.561996
89,-1,920.0,290.0,207.4,470.7,60.469002
89,-1,1656.0,258.0,207.4,470.7,56.895000
89,-1,1432.0,353.0,207.4,470.7,42.040001
89,-1,1708.0,664.0,79.9,181.4,28.737000
89,-1,1310.0,545.0,52.0,118.0,24.659000
89,-1,1527.0,318.0,226.7,514.5,18.677000
89,-1,449.0,438.0,113.4,257.3,17.239000
89,-1,302.0,469.0,94.7,214.8,14.080000
89,-1,107.0,494.0,103.2,234.1,10.611000
89,-1,1378.0,510.0,67.5,153.1,1.581900
89,-1,1744.0,571.0,123.4,280.1,-0.293130
90,-1,1617.0,254.0,270.8,614.6,60.752998
90,-1,952.0,290.0,207.4,470.7,56.306999
90,-1,1339.0,480.0,79.9,181.4,52.500000
90,-1,1423.0,353.0,226.7,514.5,33.424999
90,-1,1310.0,545.0,52.0,118.0,29.368999
90,-1,449.0,438.0,113.4,257.3,26.072001
90,-1,313.0,463.0,103.2,234.1,17.375000
90,-1,1379.0,513.0,61.5,139.6,13.981000
90,-1,1492.0,318.0,226.7,514.5,8.472100
90,-1,107.0,494.0,103.2,234.1,7.065400
91,-1,952.0,290.0,207.4,470.7,63.005001
91,-1,1617.0,254.0,270.8,614.6,50.509998
91,-1,1339.0,480.0,79.9,181.4,43.901001
91,-1,1388.0,318.0,226.7,514.5,37.090000
91,-1,1310.0,545.0,52.0,118.0,33.422001
91,-1,449.0,438.0,113.4,257.3,27.311001
91,-1,313.0,463.0,103.2,234.1,19.988001
91,-1,1458.0,353.0,226.7,514.5,16.959999
91,-1,107.0,494.0,103.2,234.1,13.333000
92,-1,952.0,290.0,207.4,470.7,61.424000
92,-1,1617.0,254.0,270.8,614.6,58.734001
92,-1,1339.0,480.0,79.9,181.4,37.289001
92,-1,1310.0,545.0,52.0,118.0,36.426998
92,-1,449.0,438.0,113.4,257.3,35.810001
92,-1,1418.0,412.0,189.3,429.6,34.776001
92,-1,113.0,513.0,94.7,214.8,17.554001
92,-1,60.0,526.0,103.2,234.1,12.057000
92,-1,1496.0,385.0,207.4,470.7,10.762000
93,-1,1576.0,254.0,270.8,614.6,66.348999
93,-1,1432.0,385.0,207.4,470.7,55.783001
93,-1,984.0,290.0,207.4,470.7,51.959999
93,-1,449.0,438.0,113.4,257.3,40.061001
93,-1,1310.0,545.0,52.0,118.0,33.769001
93,-1,1659.0,213.0,270.8,614.6,21.017000
93,-1,1326.0,468.0,79.9,181.4,18.542000
93,-1,107.0,494.0,103.2,234.1,11.785000
93,-1,1374.0,537.0,52.0,118.0,11.741000
94,-1,1617.0,254.0,270.8,614.6,71.429001
94,-1,984.0,290.0,207.4,470.7,62.875999
94,-1,449.0,438.0,113.4,257.3,51.074001
94,-1,1440.0,520.0,146.6,332.7,45.900002
94,-1,1310.0,545.0,52.0,118.0,36.108002
94,-1,1366.0,545.0,47.8,108.5,21.316999
94,-1,107.0,494.0,103.2,234.1,10.440000
94,-1,1370.0,480.0,28.3,64.2,9.854200
94,-1,1492.0,254.0,270.8,614.6,9.692100
94,-1,1454.0,345.0,52.0,118.0,5.927800
95,-1,1617.0,254.0,270.8,614.6,68.963997
95,-1,984.0,290.0,207.4,470.7,53.688000
95,-1,449.0,438.0,113.4,257.3,50.352001
95,-1,1440.0,520.0,146.6,332.7,45.449001
95,-1,1310.0,545.0,52.0,118.0,25.951000
95,-1,1366.0,552.0,47.8,108.5,24.523001
95,-1,1492.0,254.0,270.8,614.6,7.934500
96,-1,1576.0,254.0,270.8,614.6,74.717003
96,-1,1400.0,385.0,207.4,470.7,56.771999
96,-1,449.0,438.0,113.4,257.3,43.798000
96,-1,1011.0,325.0,189.3,429.6,41.332001
96,-1,1310.0,545.0,52.0,118.0,31.878000
96,-1,313.0,463.0,103.2,234.1,9.673100
96,-1,1851.0,517.0,26.0,59.0,1.557300
97,-1,1576.0,254.0,270.8,614.6,78.528000
97,-1,467.0,420.0,113.4,257.3,50.398998
97,-1,1400.0,385.0,207.4,470.7,45.897999
97,-1,1028.0,322.0,159.8,362.7,36.518002
97,-1,1073.0,667.0,40.1,91.0,35.444000
97,-1,1310.0,545.0,52.0,118.0,31.054001
97,-1,1848.0,505.0,30.9,70.1,7.333400
97,-1,359.0,581.0,47.8,108.5,4.239500
98,-1,1576.0,254.0,270.8,614.6,62.903999
98,-1,467.0,438.0,113.4,257.3,56.279999
98,-1,1400.0,385.0,207.4,470.7,49.605999
98,-1,1048.0,300.0,175.7,398.6,33.341999
98,-1,1368.0,524.0,56.7,128.6,16.462999
98,-1,726.0,390.0,47.8,108.5,16.337999
99,-1,1576.0,254.0,270.8,614.6,57.224998
99,-1,1087.0,542.0,94.7,214.8,50.516998
99,-1,467.0,438.0,113.4,257.3,47.069000
99,-1,1400.0,417.0,207.4,470.7,37.867001
99,-1,1310.0,545.0,52.0,118.0,32.938999
99,-1,1358.0,545.0,52.0,118.0,15.042000
99,-1,1377.0,532.0,56.7,128.6,13.643000
99,-1,726.0,390.0,47.8,108.5,13.175000
99,-1,107.0,510.0,103.2,234.1,8.634800
100,-1,1576.0,254.0,270.8,614.6,63.110001
100,-1,1091.0,526.0,103.2,234.1,52.487999
100,-1,467.0,438.0,113.4,257.3,51.112000
100,-1,1400.0,417.0,207.4,470.7,36.978001
100,-1,1310.0,545.0,52.0,118.0,32.497002
100,-1,107.0,494.0,103.2,234.1,10.113000
100,-1,331.0,469.0,94.7,214.8,9.657800
100,-1,1359.0,532.0,56.7,128.6,2.256200
101,-1,1576.0,254.0,270.8,614.6,61.005001
101,-1,467.0,438.0,113.4,257.3,42.942001
101,-1,1368.0,417.0,207.4,470.7,41.324001
101,-1,1048.0,290.0,207.4,470.7,38.782001
101,-1,1310.0,545.0,52.0,118.0,29.858000
101,-1,329.0,463.0,103.2,234.1,23.910000
102,-1,1576.0,254.0,270.8,614.6,63.450001
102,-1,472.0,431.0,103.2,234.1,39.759998
102,-1,1368.0,417.0,207.4,470.7,39.389999
102,-1,1048.0,290.0,207.4,470.7,32.049000
102,-1,1310.0,545.0,52.0,118.0,28.344999
102,-1,329.0,463.0,103.2,234.1,25.837999
102,-1,1331.0,464.0,36.7,83.3,14.293000
102,-1,1849.0,506.0,28.3,64.2,11.752000
103,-1,1534.0,213.0,270.8,614.6,61.055000
103,-1,472.0,431.0,103.2,234.1,44.605999
103,-1,1353.0,353.0,226.7,514.5,40.116001
103,-1,1680.0,471.0,189.3,429.6,23.264999
103,-1,1310.0,545.0,52.0,118.0,23.159000
103,-1,329.0,463.0,103.2,234.1,19.358999
103,-1,1189.0,532.0,61.5,139.6,15.309000
104,-1,1534.0,213.0,270.8,614.6,65.902000
104,-1,467.0,420.0,113.4,257.3,45.598999
104,-1,1334.0,313.0,250.0,567.3,37.639999
104,-1,1310.0,545.0,52.0,118.0,33.825001
104,-1,1680.0,441.0,189.3,429.6,26.945000
104,-1,329.0,463.0,103.2,234.1,23.594999
104,-1,1069.0,325.0,189.3,429.6,3.402300
105,-1,1534.0,213.0,270.8,614.6,70.325996
105,-1,467.0,438.0,113.4,257.3,40.230000
105,-1,1310.0,545.0,52.0,118.0,35.729000
105,-1,1353.0,353.0,226.7,514.5,31.572001
105,-1,1680.0,471.0,189.3,429.6,26.648001
105,-1,329.0,463.0,103.2,234.1,25.441000
106,-1,1534.0,213.0,270.8,614.6,67.666000
106,-1,467.0,438.0,113.4,257.3,42.044998
106,-1,1310.0,545.0,52.0,118.0,30.187000
106,-1,1334.0,313.0,250.0,567.3,28.198999
106,-1,329.0,463.0,103.2,234.1,21.954000
106,-1,1656.0,417.0,207.4,470.7,16.688999
106,-1,1218.0,541.0,61.5,139.6,12.082000
107,-1,1534.0,213.0,270.8,614.6,66.323997
107,-1,467.0,438.0,113.4,257.3,49.484001
107,-1,1336.0,417.0,207.4,470.7,35.905998
107,-1,1125.0,670.0,33.7,76.6,16.999001
107,-1,329.0,463.0,103.2,234.1,16.653000
107,-1,1315.0,552.0,47.8,108.5,14.487000
107,-1,1651.0,500.0,189.3,429.6,14.229000
107,-1,1230.0,545.0,52.0,118.0,14.109000
107,-1,107.0,494.0,103.2,234.1,13.207000
107,-1,523.0,661.0,26.0,59.0,11.074000
108,-1,1534.0,213.0,270.8,614.6,59.456001
108,-1,467.0,438.0,113.4,257.3,51.033001
108,-1,1348.0,519.0,159.8,362.7,38.105000
108,-1,1164.0,335.0,135.4,307.3,34.368000
108,-1,1632.0,422.0,226.7,514.5,17.913000
108,-1,329.0,463.0,103.2,234.1,11.865000
109,-1,1526.0,198.0,250.0,567.3,59.043999
109,-1,467.0,438.0,113.4,257.3,50.806000
109,-1,1164.0,335.0,135.4,307.3,42.373001
109,-1,1348.0,519.0,159.8,362.7,34.943001
109,-1,1622.0,500.0,189.3,429.6,24.600000
109,-1,1849.0,506.0,28.3,64.2,11.710000
109,-1,373.0,576.0,56.7,128.6,5.918900
110,-1,1526.0,236.0,250.0,567.3,62.091999
110,-1,467.0,438.0,113.4,257.3,52.691002
110,-1,1348.0,519.0,159.8,362.7,37.960999
110,-1,1156.0,327.0,175.7,398.6,30.362000
110,-1,1622.0,500.0,189.3,429.6,22.028999
111,-1,1527.0,248.0,226.7,514.5,67.405998
111,-1,451.0,419.0,123.4,280.1,50.278000
111,-1,1296.0,313.0,250.0,567.3,35.542999
111,-1,1169.0,318.0,146.6,332.7,28.993000
111,-1,1849.0,506.0,28.3,64.2,19.929001
111,-1,1204.0,513.0,94.7,214.8,15.831000
111,-1,1616.0,516.0,175.7,398.6,14.193000
111,-1,329.0,463.0,103.2,234.1,11.977000
112,-1,1527.0,248.0,226.7,514.5,61.081001
112,-1,451.0,419.0,123.4,280.1,49.915001
112,-1,1304.0,417.0,207.4,470.7,35.757000
112,-1,1184.0,335.0,135.4,307.3,29.502001
112,-1,1204.0,513.0,94.7,214.8,27.639999
112,-1,1849.0,506.0,28.3,64.2,12.399000
112,-1,1619.0,543.0,159.8,362.7,9.268400
113,-1,1526.0,236.0,250.0,567.3,66.527000
113,-1,451.0,419.0,123.4,280.1,59.655998
113,-1,1242.0,296.0,270.8,614.6,50.206001
113,-1,1184.0,335.0,135.4,307.3,23.806999
113,-1,1801.0,513.0,40.1,91.0,10.035000
113,-1,1592.0,512.0,207.4,470.7,8.770100
113,-1,1849.0,506.0,28.3,64.2,6.332500
114,-1,451.0,419.0,123.4,280.1,62.984001
114,-1,1492.0,213.0,270.8,614.6,58.518002
114,-1,1242.0,296.0,270.8,614.6,58.154999
114,-1,1714.0,407.0,87.8,199.3,12.843000
115,-1,1492.0,213.0,270.8,614.6,57.268002
115,-1,451.0,419.0,123.4,280.1,55.214001
115,-1,1242.0,296.0,270.8,614.6,54.099998
115,-1,1593.0,529.0,189.3,429.6,21.148001
115,-1,1175.0,322.0,159.8,362.7,7.506000
115,-1,1851.0,517.0,26.0,59.0,1.197500
116,-1,1219.0,313.0,250.0,567.3,62.865002
116,-1,451.0,419.0,123.4,280.1,52.012001
116,-1,1492.0,213.0,270.8,614.6,51.994999
116,-1,381.0,562.0,67.5,153.1,15.381000
116,-1,1142.0,352.0,250.0,567.3,5.983600
116,-1,1455.0,519.0,40.1,91.0,4.304700
117,-1,1200.0,296.0,270.8,614.6,72.268997
117,-1,1492.0,213.0,270.8,614.6,52.138000
117,-1,451.0,419.0,123.4,280.1,50.807999
117,-1,381.0,562.0,67.5,153.1,9.507900
117,-1,1849.0,510.0,28.3,64.2,2.712100
118,-1,1200.0,296.0,270.8,614.6,63.979000
118,-1,1492.0,213.0,270.8,614.6,51.221001
118,-1,451.0,419.0,123.4,280.1,42.488998
118,-1,107.0,510.0,103.2,234.1,15.726000
118,-1,963.0,552.0,67.5,153.1,8.614300
118,-1,1849.0,510.0,28.3,64.2,5.726800
118,-1,13.0,490.0,113.4,257.3,4.539200
119,-1,1181.0,313.0,250.0,567.3,66.496002
119,-1,1488.0,198.0,250.0,567.3,58.695000
119,-1,451.0,419.0,123.4,280.1,44.152000
119,-1,1304.0,417.0,207.4,470.7,27.386000
119,-1,107.0,510.0,103.2,234.1,14.957000
119,-1,1698.0,381.0,94.7,214.8,2.576100
120,-1,1181.0,313.0,250.0,567.3,65.567001
120,-1,1488.0,198.0,250.0,567.3,63.668999
120,-1,451.0,419.0,123.4,280.1,48.471001
120,-1,1304.0,417.0,207.4,470.7,30.896000
120,-1,1545.0,592.0,159.8,362.7,17.320000
120,-1,107.0,510.0,103.2,234.1,12.751000
120,-1,329.0,478.0,103.2,234.1,9.802700
120,-1,1694.0,367.0,103.2,234.1,9.389800
120,-1,13.0,490.0,113.4,257.3,6.926800
120,-1,963.0,552.0,67.5,153.1,5.303400
121,-1,451.0,419.0,123.4,280.1,54.492001
121,-1,1158.0,296.0,270.8,614.6,51.995998
121,-1,1492.0,213.0,226.7,514.5,45.459000
121,-1,1687.0,393.0,87.8,199.3,34.077999
121,-1,1283.0,388.0,226.7,514.5,31.544001
121,-1,1528.0,480.0,207.4,470.7,23.823999
121,-1,13.0,490.0,113.4,257.3,14.902000
121,-1,329.0,478.0,103.2,234.1,7.300600
121,-1,963.0,541.0,67.5,153.1,6.010400
122,-1,1450.0,198.0,250.0,567.3,52.470001
122,-1,1158.0,296.0,270.8,614.6,45.370998
122,-1,451.0,419.0,123.4,280.1,42.080002
122,-1,1684.0,396.0,94.7,214.8,30.799000
122,-1,1283.0,388.0,226.7,514.5,27.250000
122,-1,107.0,510.0,103.2,234.1,14.902000
122,-1,963.0,536.0,73.9,167.6,14.677000
122,-1,1520.0,592.0,159.8,362.7,12.963000
122,-1,13.0,490.0,113.4,257.3,10.430000
122,-1,1851.0,513.0,26.0,59.0,8.384400
123,-1,451.0,419.0,123.4,280.1,50.764999
123,-1,1450.0,171.0,270.8,614.6,50.178001
123,-1,1158.0,296.0,270.8,614.6,41.141998
123,-1,1520.0,568.0,159.8,362.7,27.243000
123,-1,1684.0,396.0,94.7,214.8,26.419001
123,-1,1851.0,513.0,26.0,59.0,14.067000
123,-1,13.0,490.0,113.4,257.3,9.973000
123,-1,327.0,473.0,113.4,257.3,6.872500
123,-1,963.0,536.0,73.9,167.6,4.410600
124,-1,1450.0,198.0,250.0,567.3,57.536999
124,-1,449.0,420.0,113.4,257.3,52.137001
124,-1,1158.0,296.0,270.8,614.6,46.931000
124,-1,1684.0,396.0,94.7,214.8,26.198999
124,-1,329.0,478.0,103.2,234.1,26.035000
124,-1,1520.0,592.0,159.8,362.7,23.237000
124,-1,963.0,536.0,73.9,167.6,10.726000
124,-1,1242.0,338.0,270.8,614.6,9.033600
124,-1,13.0,490.0,113.4,257.3,8.065500
124,-1,903.0,523.0,47.8,108.5,3.592900
125,-1,451.0,419.0,123.4,280.1,50.327999
125,-1,1450.0,198.0,250.0,567.3,49.006001
125,-1,1215.0,500.0,189.3,429.6,38.669998
125,-1,100.0,490.0,113.4,257.3,35.667999
125,-1,912.0,532.0,40.1,91.0,17.186001
125,-1,1851.0,513.0,26.0,59.0,14.784000
125,-1,1156.0,543.0,175.7,398.6,13.484000
125,-1,1678.0,383.0,103.2,234.1,12.893000
125,-1,1509.0,732.0,94.7,214.8,10.807000
125,-1,13.0,490.0,113.4,257.3,3.716500
126,-1,1215.0,500.0,189.3,429.6,48.007999
126,-1,449.0,420.0,113.4,257.3,45.424000
126,-1,1450.0,171.0,270.8,614.6,37.530998
126,-1,1379.0,522.0,61.5,139.6,31.698999
126,-1,1463.0,588.0,146.6,332.7,28.194000
126,-1,107.0,494.0,103.2,234.1,22.038000
126,-1,318.0,438.0,123.4,280.1,17.702000
126,-1,1664.0,293.0,135.4,307.3,12.636000
126,-1,1156.0,543.0,175.7,398.6,9.863800
126,-1,963.0,547.0,73.9,167.6,7.257900
126,-1,13.0,507.0,113.4,257.3,2.933900
127,-1,432.0,419.0,123.4,280.1,46.265999
127,-1,1158.0,338.0,270.8,614.6,41.644001
127,-1,1450.0,171.0,270.8,614.6,33.036999
127,-1,100.0,473.0,113.4,257.3,28.289000
127,-1,329.0,478.0,103.2,234.1,24.730000
127,-1,1485.0,610.0,146.6,332.7,16.176001
127,-1,1684.0,396.0,94.7,214.8,13.917000
127,-1,13.0,490.0,113.4,257.3,8.909900
128,-1,449.0,420.0,113.4,257.3,37.284000
128,-1,1117.0,338.0,270.8,614.6,36.478001
128,-1,1409.0,171.0,270.8,614.6,33.127998
128,-1,107.0,494.0,103.2,234.1,24.283001
128,-1,1389.0,624.0,33.7,76.6,24.212999
128,-1,1643.0,273.0,146.6,332.7,20.705000
128,-1,1495.0,592.0,159.8,362.7,12.359000
128,-1,327.0,438.0,113.4,257.3,10.663000
129,-1,1158.0,338.0,270.8,614.6,47.417000
129,-1,100.0,490.0,113.4,257.3,35.091000
129,-1,1450.0,159.0,250.0,567.3,32.426998
129,-1,432.0,400.0,123.4,280.1,27.194000
129,-1,318.0,438.0,123.4,280.1,25.782000
129,-1,1643.0,273.0,146.6,332.7,19.323999
129,-1,1447.0,529.0,189.3,429.6,11.133000
129,-1,1801.0,513.0,40.1,91.0,10.416000
129,-1,22.0,578.0,79.9,181.4,3.861700
130,-1,1478.0,234.0,33.7,76.6,37.224998
130,-1,1158.0,338.0,270.8,614.6,36.455002
130,-1,1643.0,273.0,146.6,332.7,29.988001
130,-1,432.0,419.0,123.4,280.1,25.445000
130,-1,327.0,455.0,113.4,257.3,12.229000
130,-1,1481.0,570.0,175.7,398.6,0.748370
131,-1,432.0,419.0,123.4,280.1,36.528000
131,-1,1409.0,213.0,270.8,614.6,36.194000
131,-1,1158.0,338.0,270.8,614.6,34.452000
131,-1,318.0,438.0,123.4,280.1,28.408001
131,-1,91.0,510.0,103.2,234.1,24.226000
131,-1,1621.0,273.0,146.6,332.7,19.089001
131,-1,1848.0,505.0,30.9,70.1,9.406300
131,-1,1427.0,597.0,175.7,398.6,8.157400
132,-1,432.0,400.0,123.4,280.1,37.979000
132,-1,1142.0,391.0,250.0,567.3,32.212002
132,-1,318.0,438.0,123.4,280.1,30.848000
132,-1,1382.0,529.0,52.0,118.0,27.947001
132,-1,1409.0,213.0,270.8,614.6,25.820000
132,-1,1621.0,273.0,146.6,332.7,20.245001
132,-1,1427.0,597.0,175.7,398.6,15.652000
132,-1,1567.0,717.0,103.2,234.1,4.992700
133,-1,433.0,397.0,135.4,307.3,42.303001
133,-1,318.0,438.0,123.4,280.1,27.061001
133,-1,1142.0,391.0,250.0,567.3,26.187000
133,-1,1367.0,213.0,270.8,614.6,25.084999
133,-1,1695.0,419.0,79.9,181.4,8.849600
133,-1,1422.0,617.0,159.8,362.7,3.992600
133,-1,1800.0,521.0,36.7,83.3,3.407700
134,-1,432.0,400.0,123.4,280.1,44.980000
134,-1,1142.0,429.0,250.0,567.3,28.737000
134,-1,318.0,438.0,123.4,280.1,24.518000
134,-1,1367.0,171.0,270.8,614.6,24.149000
134,-1,1395.0,610.0,146.6,332.7,6.070200
134,-1,1694.0,465.0,52.0,118.0,5.111200
135,-1,432.0,400.0,123.4,280.1,42.104000
135,-1,1142.0,391.0,250.0,567.3,28.757000
135,-1,318.0,438.0,123.4,280.1,27.072001
135,-1,1367.0,171.0,270.8,614.6,25.287001
135,-1,1395.0,610.0,146.6,332.7,21.756001
135,-1,1074.0,492.0,226.7,514.5,10.500000
135,-1,1695.0,419.0,79.9,181.4,0.126160
136,-1,1395.0,610.0,146.6,332.7,37.709999
136,-1,432.0,400.0,123.4,280.1,34.341999
136,-1,1075.0,379.0,270.8,614.6,33.160999
136,-1,1325.0,171.0,270.8,614.6,31.958000
136,-1,318.0,438.0,123.4,280.1,19.629000
136,-1,1535.0,666.0,123.4,280.1,11.034000
136,-1,107.0,510.0,103.2,234.1,7.722500
136,-1,1675.0,471.0,47.8,108.5,6.303700
136,-1,1695.0,419.0,79.9,181.4,4.492700
137,-1,1325.0,171.0,270.8,614.6,42.597000
137,-1,433.0,397.0,135.4,307.3,38.026001
137,-1,1129.0,597.0,175.7,398.6,31.914000
137,-1,1395.0,610.0,146.6,332.7,29.042000
137,-1,-44.0,388.0,226.7,514.5,26.063000
137,-1,1800.0,521.0,36.7,83.3,15.276000
137,-1,327.0,438.0,113.4,257.3,14.669000
137,-1,1535.0,666.0,123.4,280.1,14.503000
137,-1,1695.0,419.0,79.9,181.4,5.413700
138,-1,1325.0,171.0,270.8,614.6,54.307999
138,-1,433.0,397.0,135.4,307.3,42.651001
138,-1,-7.0,441.0,189.3,429.6,35.917000
138,-1,1075.0,379.0,270.8,614.6,31.983999
138,-1,1372.0,592.0,159.8,362.7,28.125000
138,-1,1535.0,701.0,103.2,234.1,23.232000
138,-1,327.0,438.0,113.4,257.3,6.367400
138,-1,1695.0,419.0,79.9,181.4,1.468100
139,-1,1325.0,171.0,270.8,614.6,55.049000
139,-1,433.0,397.0,135.4,307.3,40.356998
139,-1,-7.0,441.0,189.3,429.6,31.948000
139,-1,1514.0,682.0,113.4,257.3,28.830999
139,-1,1108.0,492.0,226.7,514.5,26.250000
139,-1,1372.0,610.0,146.6,332.7,25.555000
139,-1,318.0,438.0,123.4,280.1,20.295000
139,-1,1851.0,513.0,26.0,59.0,6.543400
139,-1,1695.0,419.0,79.9,181.4,5.102600
139,-1,1800.0,521.0,36.7,83.3,4.473000
140,-1,1325.0,171.0,270.8,614.6,64.628998
140,-1,432.0,400.0,123.4,280.1,45.112999
140,-1,1066.0,429.0,250.0,567.3,30.722000
140,-1,308.0,418.0,135.4,307.3,29.076000
140,-1,20.0,462.0,175.7,398.6,25.900000
140,-1,1368.0,512.0,207.4,470.7,23.270000
140,-1,1514.0,699.0,113.4,257.3,20.447001
140,-1,1684.0,396.0,94.7,214.8,7.366400
140,-1,1800.0,521.0,36.7,83.3,5.495600
140,-1,1849.0,510.0,28.3,64.2,3.294800
141,-1,1325.0,171.0,270.8,614.6,54.139999
141,-1,1074.0,492.0,226.7,514.5,42.439999
141,-1,1400.0,512.0,207.4,470.7,38.804001
141,-1,432.0,400.0,123.4,280.1,36.671001
141,-1,33.0,609.0,123.4,280.1,30.063000
141,-1,318.0,419.0,123.4,280.1,21.521999
141,-1,1800.0,521.0,36.7,83.3,14.066000
141,-1,1684.0,396.0,94.7,214.8,9.188800
142,-1,1284.0,171.0,270.8,614.6,50.327999
142,-1,308.0,418.0,135.4,307.3,46.820999
142,-1,1400.0,512.0,207.4,470.7,43.165001
142,-1,432.0,419.0,123.4,280.1,38.445999
142,-1,1066.0,429.0,250.0,567.3,29.986000
142,-1,33.0,590.0,123.4,280.1,22.052000
142,-1,972.0,560.0,61.5,139.6,15.794000
142,-1,1800.0,521.0,36.7,83.3,14.839000
142,-1,1684.0,396.0,94.7,214.8,5.961800
143,-1,1284.0,171.0,270.8,614.6,56.771999
143,-1,1368.0,544.0,207.4,470.7,53.680000
143,-1,989.0,429.0,250.0,567.3,45.167000
143,-1,432.0,400.0,123.4,280.1,44.566002
143,-1,308.0,418.0,135.4,307.3,38.818001
143,-1,1800.0,521.0,36.7,83.3,13.645000
143,-1,65.0,594.0,113.4,257.3,7.753500
143,-1,1695.0,419.0,79.9,181.4,5.775800
144,-1,1284.0,171.0,270.8,614.6,60.556999
144,-1,1368.0,544.0,207.4,470.7,49.348999
144,-1,432.0,400.0,123.4,280.1,38.855000
144,-1,308.0,418.0,135.4,307.3,37.076000
144,-1,1033.0,379.0,270.8,614.6,24.135000
144,-1,1851.0,513.0,26.0,59.0,13.367000
144,-1,1695.0,419.0,79.9,181.4,3.444500
145,-1,1284.0,171.0,270.8,614.6,56.636002
145,-1,432.0,400.0,123.4,280.1,42.574001
145,-1,308.0,418.0,135.4,307.3,38.604000
145,-1,-52.0,296.0,270.8,614.6,32.132000
145,-1,1353.0,527.0,226.7,514.5,26.304001
145,-1,1033.0,379.0,270.8,614.6,22.164000
145,-1,1806.0,521.0,36.7,83.3,20.575001
145,-1,908.0,379.0,270.8,614.6,11.558000
145,-1,1767.0,553.0,26.0,59.0,10.759000
145,-1,1695.0,419.0,79.9,181.4,2.575000
146,-1,432.0,400.0,123.4,280.1,54.021999
146,-1,1284.0,171.0,270.8,614.6,50.535000
146,-1,308.0,418.0,135.4,307.3,32.118000
146,-1,1027.0,429.0,250.0,567.3,17.101000
146,-1,908.0,379.0,270.8,614.6,15.493000
146,-1,-52.0,296.0,270.8,614.6,15.378000
146,-1,1767.0,553.0,26.0,59.0,12.241000
146,-1,1848.0,505.0,30.9,70.1,9.197400
146,-1,1800.0,521.0,36.7,83.3,7.659200
147,-1,1284.0,171.0,270.8,614.6,46.799999
147,-1,432.0,400.0,123.4,280.1,46.384998
147,-1,308.0,418.0,135.4,307.3,35.797001
147,-1,-10.0,296.0,270.8,614.6,33.160000
147,-1,1814.0,533.0,30.9,70.1,17.927999
147,-1,1027.0,429.0,250.0,567.3,16.761999
147,-1,1823.0,517.0,26.0,59.0,13.790000
147,-1,1851.0,513.0,26.0,59.0,12.454000
147,-1,908.0,379.0,270.8,614.6,12.207000
147,-1,1695.0,419.0,79.9,181.4,5.235400
147,-1,1767.0,553.0,26.0,59.0,3.253300
148,-1,432.0,400.0,123.4,280.1,51.316002
148,-1,29.0,313.0,250.0,567.3,45.759998
148,-1,1242.0,171.0,270.8,614.6,40.891998
148,-1,308.0,418.0,135.4,307.3,29.900000
148,-1,1810.0,533.0,30.9,70.1,27.028000
148,-1,1372.0,597.0,175.7,398.6,22.760000
148,-1,991.0,379.0,270.8,614.6,17.936001
148,-1,1851.0,513.0,26.0,59.0,11.301000
148,-1,1695.0,419.0,79.9,181.4,-0.108470
149,-1,432.0,400.0,123.4,280.1,46.701000
149,-1,1242.0,171.0,270.8,614.6,43.463001
149,-1,288.0,408.0,146.6,332.7,29.650000
149,-1,29.0,313.0,250.0,567.3,29.544001
149,-1,1336.0,512.0,207.4,470.7,21.166000
149,-1,1848.0,505.0,30.9,70.1,15.511000
149,-1,203.0,522.0,135.4,307.3,11.396000
149,-1,1684.0,396.0,94.7,214.8,8.946400
149,-1,991.0,379.0,270.8,614.6,7.597600
149,-1,1806.0,521.0,36.7,83.3,3.541200
150,-1,433.0,397.0,135.4,307.3,48.152000
150,-1,1242.0,171.0,270.8,614.6,39.872002
150,-1,288.0,408.0,146.6,332.7,31.931000
150,-1,118.0,612.0,113.4,257.3,28.304001
150,-1,198.0,520.0,146.6,332.7,23.945000
150,-1,1336.0,512.0,207.4,470.7,21.978001
150,-1,1806.0,521.0,36.7,83.3,21.011999
150,-1,1849.0,506.0,28.3,64.2,13.303000
150,-1,991.0,421.0,270.8,614.6,6.383100
150,-1,1695.0,419.0,79.9,181.4,4.061300
151,-1,432.0,400.0,123.4,280.1,53.880001
151,-1,1242.0,171.0,270.8,614.6,35.405998
151,-1,288.0,408.0,146.6,332.7,31.004000
151,-1,120.0,584.0,135.4,307.3,30.329000
151,-1,1819.0,517.0,26.0,59.0,27.089001
151,-1,1800.0,521.0,36.7,83.3,26.054001
151,-1,218.0,574.0,103.2,234.1,23.358999
151,-1,130.0,318.0,146.6,332.7,19.726999
151,-1,1466.0,469.0,94.7,214.8,17.466999
151,-1,1075.0,597.0,175.7,398.6,17.209000
151,-1,1767.0,553.0,26.0,59.0,15.641000
151,-1,1695.0,419.0,79.9,181.4,6.200300
152,-1,433.0,397.0,135.4,307.3,46.280998
152,-1,1806.0,521.0,36.7,83.3,34.000999
152,-1,1242.0,171.0,270.8,614.6,29.908001
152,-1,248.0,385.0,207.4,470.7,25.612000
152,-1,1827.0,517.0,26.0,59.0,17.309999
152,-1,1485.0,513.0,73.9,167.6,13.428000
152,-1,1851.0,513.0,26.0,59.0,11.313000
152,-1,166.0,324.0,123.4,280.1,10.005000
152,-1,1102.0,641.0,159.8,362.7,9.267400
152,-1,147.0,590.0,123.4,280.1,7.934000
152,-1,1179.0,401.0,26.0,59.0,7.664300
152,-1,1695.0,419.0,79.9,181.4,4.854200
153,-1,433.0,397.0,135.4,307.3,41.889000
153,-1,1800.0,521.0,36.7,83.3,33.534000
153,-1,1242.0,171.0,270.8,614.6,29.320999
153,-1,201.0,353.0,226.7,514.5,19.419001
153,-1,1849.0,510.0,28.3,64.2,12.621000
153,-1,1819.0,517.0,26.0,59.0,10.439000
153,-1,1695.0,419.0,79.9,181.4,8.591100
153,-1,1474.0,468.0,73.9,167.6,8.469900
153,-1,153.0,612.0,113.4,257.3,7.579000
154,-1,182.0,313.0,250.0,567.3,39.252998
154,-1,1242.0,171.0,270.8,614.6,34.819000
154,-1,451.0,400.0,123.4,280.1,33.397999
154,-1,1806.0,521.0,36.7,83.3,33.321999
154,-1,1849.0,510.0,28.3,64.2,12.069000
154,-1,1695.0,419.0,79.9,181.4,4.319000
155,-1,182.0,313.0,250.0,567.3,42.660999
155,-1,1806.0,521.0,36.7,83.3,39.924000
155,-1,433.0,397.0,135.4,307.3,37.797001
155,-1,1242.0,171.0,270.8,614.6,27.205000
155,-1,1827.0,517.0,26.0,59.0,21.881001
155,-1,1846.0,515.0,33.7,76.6,15.738000
155,-1,1474.0,456.0,73.9,167.6,9.684200
155,-1,1695.0,419.0,79.9,181.4,3.488700
156,-1,1806.0,521.0,36.7,83.3,45.172001
156,-1,451.0,400.0,123.4,280.1,30.176001
156,-1,157.0,254.0,270.8,614.6,28.539000
156,-1,1200.0,130.0,270.8,614.6,21.400999
156,-1,1849.0,510.0,28.3,64.2,14.822000
156,-1,1695.0,419.0,79.9,181.4,7.965900
156,-1,1474.0,456.0,73.9,167.6,1.428100
156,-1,88.0,417.0,207.4,470.7,-0.046586
157,-1,454.0,397.0,135.4,307.3,30.497999
157,-1,1271.0,141.0,47.8,108.5,29.736000
157,-1,874.0,506.0,250.0,567.3,24.351000
157,-1,157.0,254.0,270.8,614.6,22.368999
157,-1,1801.0,513.0,40.1,91.0,20.864000
157,-1,1846.0,515.0,33.7,76.6,14.222000
157,-1,1695.0,419.0,79.9,181.4,13.049000
157,-1,1767.0,549.0,26.0,59.0,10.291000
157,-1,88.0,417.0,207.4,470.7,6.444800
157,-1,1372.0,139.0,30.9,70.1,5.466500
157,-1,1220.0,495.0,30.9,70.1,2.830500
157,-1,1455.0,584.0,43.6,99.0,1.368900
158,-1,236.0,318.0,226.7,514.5,38.521999
158,-1,446.0,385.0,146.6,332.7,37.660999
158,-1,1806.0,521.0,36.7,83.3,33.254002
158,-1,1240.0,576.0,207.4,470.7,30.826000
158,-1,1200.0,130.0,270.8,614.6,14.132000
158,-1,824.0,421.0,270.8,614.6,13.672000
158,-1,1695.0,419.0,79.9,181.4,10.006000
158,-1,1846.0,515.0,33.7,76.6,9.410200
159,-1,221.0,275.0,250.0,567.3,43.716999
159,-1,1244.0,617.0,189.3,429.6,37.001999
159,-1,446.0,385.0,146.6,332.7,35.314999
159,-1,1806.0,521.0,36.7,83.3,30.381001
159,-1,835.0,468.0,250.0,567.3,15.676000
159,-1,1851.0,513.0,26.0,59.0,12.268000
159,-1,1695.0,419.0,79.9,181.4,9.889300
159,-1,91.0,510.0,103.2,234.1,0.562750
160,-1,446.0,408.0,146.6,332.7,54.188999
160,-1,236.0,318.0,226.7,514.5,50.826000
160,-1,1806.0,521.0,36.7,83.3,31.541000
160,-1,1178.0,527.0,226.7,514.5,13.183000
160,-1,1463.0,340.0,146.6,332.7,10.236000
160,-1,1695.0,419.0,79.9,181.4,9.862400
160,-1,1849.0,506.0,28.3,64.2,9.400700
160,-1,1767.0,549.0,26.0,59.0,9.049400
160,-1,1258.0,506.0,250.0,567.3,7.169300
161,-1,259.0,313.0,250.0,567.3,44.873001
161,-1,1144.0,576.0,207.4,470.7,32.292000
161,-1,469.0,408.0,146.6,332.7,31.252001
161,-1,1801.0,493.0,47.8,108.5,26.773001
161,-1,1495.0,571.0,43.6,99.0,16.622000
161,-1,866.0,462.0,270.8,614.6,13.175000
161,-1,1849.0,510.0,28.3,64.2,10.109000
161,-1,1695.0,419.0,79.9,181.4,5.847900
161,-1,1080.0,131.0,207.4,470.7,5.293100
161,-1,1258.0,506.0,250.0,567.3,1.591900
162,-1,298.0,313.0,250.0,567.3,45.948002
162,-1,1800.0,521.0,36.7,83.3,27.730000
162,-1,1213.0,562.0,226.7,514.5,24.020000
162,-1,1823.0,517.0,26.0,59.0,18.868999
162,-1,1547.0,613.0,26.0,59.0,13.113000
162,-1,1695.0,419.0,79.9,181.4,10.448000
162,-1,1478.0,362.0,123.4,280.1,9.566600
162,-1,1849.0,506.0,28.3,64.2,5.426400
162,-1,486.0,396.0,159.8,362.7,3.782600
162,-1,1117.0,130.0,270.8,614.6,1.656000
163,-1,298.0,313.0,250.0,567.3,33.037998
163,-1,1801.0,501.0,47.8,108.5,23.360001
163,-1,1477.0,356.0,135.4,307.3,23.021000
163,-1,1845.0,510.0,36.7,83.3,18.375000
163,-1,1176.0,608.0,207.4,470.7,12.348000
163,-1,942.0,848.0,94.7,214.8,10.714000
163,-1,1102.0,138.0,175.7,398.6,8.320600
163,-1,1695.0,419.0,79.9,181.4,1.493800
163,-1,429.0,383.0,189.3,429.6,0.043924
164,-1,340.0,318.0,226.7,514.5,36.129002
164,-1,1801.0,493.0,47.8,108.5,17.416000
164,-1,1497.0,356.0,135.4,307.3,16.518999
164,-1,927.0,848.0,94.7,214.8,15.575000
164,-1,1098.0,120.0,189.3,429.6,14.914000
164,-1,1849.0,510.0,28.3,64.2,10.397000
164,-1,20.0,435.0,175.7,398.6,7.608900
164,-1,1695.0,419.0,79.9,181.4,7.067200
164,-1,246.0,521.0,67.5,153.1,5.461300
164,-1,1208.0,608.0,207.4,470.7,1.815800
165,-1,375.0,318.0,226.7,514.5,31.198000
165,-1,1497.0,381.0,123.4,280.1,28.655001
165,-1,1823.0,517.0,26.0,59.0,20.754000
165,-1,1186.0,617.0,189.3,429.6,11.956000
165,-1,1695.0,419.0,79.9,181.4,9.638700
165,-1,20.0,435.0,175.7,398.6,8.649400
165,-1,1851.0,513.0,26.0,59.0,5.136700
165,-1,913.0,848.0,94.7,214.8,4.786500
166,-1,1400.0,492.0,79.9,181.4,49.537998
166,-1,408.0,353.0,207.4,470.7,32.981998
166,-1,1497.0,381.0,123.4,280.1,22.597000
166,-1,1075.0,138.0,175.7,398.6,20.160999
166,-1,1819.0,513.0,26.0,59.0,18.642000
166,-1,1767.0,553.0,26.0,59.0,5.746100
167,-1,1395.0,502.0,73.9,167.6,55.925999
167,-1,440.0,353.0,207.4,470.7,30.211000
167,-1,1801.0,493.0,47.8,108.5,29.694000
167,-1,1516.0,381.0,123.4,280.1,24.669001
167,-1,1848.0,505.0,30.9,70.1,14.294000
167,-1,1684.0,396.0,94.7,214.8,10.177000
167,-1,737.0,476.0,123.4,280.1,6.798200
168,-1,1388.0,492.0,79.9,181.4,76.615997
168,-1,440.0,353.0,207.4,470.7,34.293999
168,-1,1516.0,381.0,123.4,280.1,30.327000
168,-1,1798.0,504.0,43.6,99.0,29.239000
168,-1,1849.0,510.0,28.3,64.2,28.212000
168,-1,1363.0,468.0,79.9,181.4,21.726999
168,-1,1134.0,113.0,52.0,118.0,18.461000
168,-1,1098.0,617.0,189.3,429.6,11.378000
168,-1,929.0,900.0,73.9,167.6,9.331000
168,-1,986.0,536.0,73.9,167.6,8.079000
168,-1,1695.0,419.0,79.9,181.4,6.157700
169,-1,1395.0,502.0,73.9,167.6,69.600998
169,-1,1372.0,490.0,73.9,167.6,38.681000
169,-1,1845.0,510.0,28.3,64.2,30.600000
169,-1,1516.0,381.0,123.4,280.1,26.726999
169,-1,1801.0,493.0,47.8,108.5,23.614000
169,-1,472.0,353.0,207.4,470.7,21.184000
169,-1,1684.0,396.0,94.7,214.8,11.382000
169,-1,1119.0,128.0,43.6,99.0,9.798100
169,-1,969.0,529.0,79.9,181.4,8.774200
169,-1,1098.0,646.0,189.3,429.6,5.877800
170,-1,1388.0,492.0,79.9,181.4,73.378998
170,-1,1349.0,440.0,94.7,214.8,35.442001
170,-1,1800.0,521.0,36.7,83.3,28.631001
170,-1,487.0,354.0,189.3,429.6,22.400000
170,-1,1412.0,480.0,79.9,181.4,22.046000
170,-1,969.0,542.0,79.9,181.4,20.017000
170,-1,1848.0,505.0,30.9,70.1,19.861000
170,-1,1516.0,381.0,123.4,280.1,15.577000
170,-1,1102.0,118.0,47.8,108.5,14.332000
170,-1,978.0,150.0,159.8,362.7,6.003400
170,-1,31.0,570.0,73.9,167.6,5.307100
170,-1,1695.0,419.0,79.9,181.4,4.270300
171,-1,1395.0,502.0,73.9,167.6,69.069000
171,-1,1798.0,504.0,43.6,99.0,33.617001
171,-1,551.0,590.0,103.2,234.1,30.858999
171,-1,1845.0,510.0,28.3,64.2,30.509001
171,-1,1378.0,479.0,67.5,153.1,19.320000
171,-1,1417.0,490.0,73.9,167.6,16.993000
171,-1,1516.0,381.0,123.4,280.1,14.992000
171,-1,951.0,547.0,73.9,167.6,14.713000
171,-1,1684.0,396.0,94.7,214.8,14.273000
171,-1,858.0,897.0,79.9,181.4,12.722000
171,-1,742.0,449.0,52.0,118.0,6.238400
171,-1,1048.0,576.0,207.4,470.7,5.989400
172,-1,1361.0,447.0,103.2,234.1,73.488998
172,-1,1333.0,550.0,56.7,128.6,44.477001
172,-1,1563.0,564.0,43.6,99.0,38.874001
172,-1,1412.0,492.0,79.9,181.4,35.894001
172,-1,1806.0,521.0,36.7,83.3,30.976000
172,-1,1843.0,505.0,30.9,70.1,28.624001
172,-1,547.0,571.0,123.4,280.1,26.836000
172,-1,1040.0,646.0,189.3,429.6,23.267000
172,-1,699.0,421.0,270.8,614.6,15.336000
172,-1,1695.0,419.0,79.9,181.4,5.863500
172,-1,382.0,602.0,56.7,128.6,3.367100
173,-1,1378.0,454.0,94.7,214.8,70.517998
173,-1,1333.0,550.0,56.7,128.6,51.625000
173,-1,1565.0,510.0,67.5,153.1,43.401001
173,-1,1806.0,521.0,36.7,83.3,30.947001
173,-1,1016.0,608.0,207.4,470.7,20.240000
173,-1,528.0,571.0,123.4,280.1,16.962000
173,-1,953.0,120.0,189.3,429.6,14.435000
173,-1,1823.0,510.0,28.3,64.2,13.451000
173,-1,1849.0,510.0,28.3,64.2,12.234000
173,-1,1038.0,68.0,61.5,139.6,8.970900
173,-1,350.0,439.0,135.4,307.3,5.407900
173,-1,1695.0,419.0,79.9,181.4,3.872500
174,-1,1378.0,454.0,94.7,214.8,63.735001
174,-1,1333.0,550.0,56.7,128.6,47.505001
174,-1,1565.0,510.0,67.5,153.1,47.000000
174,-1,1806.0,521.0,36.7,83.3,35.636002
174,-1,1016.0,608.0,207.4,470.7,18.365999
174,-1,1823.0,510.0,28.3,64.2,16.177000
174,-1,1407.0,483.0,94.7,214.8,13.720000
174,-1,1849.0,510.0,28.3,64.2,13.405000
174,-1,1585.0,500.0,67.5,153.1,12.661000
174,-1,954.0,150.0,159.8,362.7,8.973100
174,-1,350.0,418.0,135.4,307.3,3.499200
174,-1,1695.0,419.0,79.9,181.4,2.256600
175,-1,1388.0,480.0,79.9,181.4,64.547997
175,-1,1575.0,510.0,67.5,153.1,46.575001
175,-1,1333.0,550.0,56.7,128.6,36.396999
175,-1,356.0,430.0,146.6,332.7,34.429001
175,-1,1806.0,521.0,36.7,83.3,31.621000
175,-1,1412.0,492.0,79.9,181.4,28.802999
175,-1,1363.0,468.0,79.9,181.4,15.546000
175,-1,1011.0,646.0,189.3,429.6,13.716000
175,-1,1191.0,161.0,79.9,181.4,11.104000
175,-1,1844.0,507.0,40.1,91.0,6.894700
175,-1,1695.0,419.0,79.9,181.4,3.227700
175,-1,643.0,506.0,250.0,567.3,0.990460
176,-1,1395.0,490.0,73.9,167.6,57.041000
176,-1,1535.0,381.0,123.4,280.1,47.401001
176,-1,1333.0,550.0,56.7,128.6,45.542000
176,-1,1806.0,521.0,36.7,83.3,30.080999
176,-1,356.0,430.0,146.6,332.7,25.452000
176,-1,1843.0,505.0,30.9,70.1,20.165001
176,-1,1417.0,479.0,73.9,167.6,15.125000
176,-1,1690.0,471.0,47.8,108.5,10.632000
176,-1,1174.0,265.0,52.0,118.0,3.456100
176,-1,1824.0,510.0,30.9,70.1,2.898300
177,-1,1406.0,490.0,73.9,167.6,53.057999
177,-1,1535.0,381.0,123.4,280.1,42.272999
177,-1,1333.0,550.0,56.7,128.6,35.039001
177,-1,1848.0,505.0,30.9,70.1,29.485001
177,-1,1806.0,521.0,36.7,83.3,26.510000
177,-1,356.0,430.0,146.6,332.7,23.650000
177,-1,1383.0,468.0,73.9,167.6,22.517000
177,-1,1183.0,821.0,113.4,257.3,14.048000
177,-1,913.0,111.0,175.7,398.6,5.246900
178,-1,1406.0,502.0,73.9,167.6,64.024002
178,-1,1535.0,381.0,123.4,280.1,47.987000
178,-1,1342.0,550.0,56.7,128.6,44.409000
178,-1,1843.0,505.0,30.9,70.1,28.976000
178,-1,1806.0,521.0,36.7,83.3,26.145000
178,-1,1383.0,468.0,73.9,167.6,21.507000
178,-1,370.0,418.0,135.4,307.3,12.492000
178,-1,1684.0,396.0,94.7,214.8,6.576000
179,-1,1409.0,510.0,67.5,153.1,56.992001
179,-1,1342.0,550.0,56.7,128.6,52.297001
179,-1,1549.0,403.0,113.4,257.3,41.112000
179,-1,1800.0,521.0,36.7,83.3,25.136999
179,-1,1848.0,505.0,30.9,70.1,23.577000
179,-1,1819.0,513.0,26.0,59.0,23.429001
179,-1,991.0,504.0,270.8,614.6,15.675000
179,-1,880.0,126.0,159.8,362.7,8.833000
179,-1,1388.0,479.0,67.5,153.1,8.281800
179,-1,1684.0,396.0,94.7,214.8,5.543900
180,-1,1409.0,510.0,67.5,153.1,67.511002
180,-1,1554.0,381.0,123.4,280.1,57.429001
180,-1,1342.0,550.0,56.7,128.6,42.304001
180,-1,1798.0,504.0,43.6,99.0,28.034000
180,-1,1845.0,510.0,28.3,64.2,26.650000
180,-1,991.0,462.0,270.8,614.6,13.745000
180,-1,1398.0,489.0,52.0,118.0,12.359000
180,-1,1447.0,515.0,56.7,128.6,3.525000
181,-1,1406.0,502.0,73.9,167.6,80.758003
181,-1,1554.0,381.0,123.4,280.1,60.594002
181,-1,1342.0,550.0,56.7,128.6,29.888000
181,-1,1798.0,504.0,43.6,99.0,29.855000
181,-1,1845.0,510.0,28.3,64.2,22.243000
181,-1,1422.0,425.0,94.7,214.8,17.424999
181,-1,40.0,571.0,94.7,214.8,16.239000
181,-1,1684.0,396.0,94.7,214.8,7.174800
181,-1,950.0,506.0,250.0,567.3,6.959500
181,-1,1399.0,485.0,26.0,59.0,2.521300
182,-1,1409.0,500.0,67.5,153.1,82.487000
182,-1,1567.0,403.0,113.4,257.3,49.455002
182,-1,1806.0,521.0,36.7,83.3,35.813000
182,-1,1351.0,550.0,56.7,128.6,27.650000
182,-1,1430.0,510.0,67.5,153.1,23.132999
182,-1,753.0,556.0,94.7,214.8,23.122000
182,-1,950.0,506.0,250.0,567.3,12.260000
182,-1,1849.0,510.0,28.3,64.2,9.822700
182,-1,667.0,524.0,73.9,167.6,7.494200
183,-1,1406.0,502.0,73.9,167.6,74.000000
183,-1,1567.0,403.0,113.4,257.3,46.775002
183,-1,1351.0,550.0,56.7,128.6,38.377998
183,-1,1801.0,513.0,40.1,91.0,32.653999
183,-1,758.0,574.0,103.2,234.1,27.739000
183,-1,1848.0,505.0,30.9,70.1,17.716000
183,-1,1462.0,556.0,33.7,76.6,15.966000
183,-1,1684.0,396.0,94.7,214.8,7.853700
183,-1,1395.0,456.0,73.9,167.6,6.350600
184,-1,1406.0,502.0,73.9,167.6,68.250000
184,-1,1351.0,550.0,56.7,128.6,53.820999
184,-1,1573.0,381.0,123.4,280.1,50.277000
184,-1,1429.0,490.0,73.9,167.6,37.729000
184,-1,1806.0,521.0,36.7,83.3,35.209000
184,-1,1848.0,505.0,30.9,70.1,17.625999
184,-1,767.0,571.0,94.7,214.8,17.545000
184,-1,762.0,328.0,33.7,76.6,15.845000
184,-1,1684.0,396.0,94.7,214.8,11.044000
184,-1,934.0,562.0,226.7,514.5,7.457000
184,-1,1395.0,456.0,73.9,167.6,4.450500
185,-1,1406.0,490.0,73.9,167.6,70.394997
185,-1,1351.0,550.0,56.7,128.6,51.403000
185,-1,1573.0,381.0,123.4,280.1,50.986000
185,-1,-31.0,249.0,159.8,362.7,37.219002
185,-1,1806.0,521.0,36.7,83.3,28.440001
185,-1,1695.0,419.0,79.9,181.4,16.188999
185,-1,1848.0,505.0,30.9,70.1,14.430000
185,-1,953.0,646.0,189.3,429.6,14.332000
185,-1,805.0,111.0,175.7,398.6,11.389000
185,-1,1490.0,454.0,56.7,128.6,4.896700
185,-1,664.0,322.0,207.4,470.7,3.035100
185,-1,1440.0,521.0,67.5,153.1,0.280570
186,-1,1417.0,502.0,73.9,167.6,62.973000
186,-1,1573.0,381.0,123.4,280.1,49.605999
186,-1,1359.0,550.0,56.7,128.6,40.901001
186,-1,1806.0,521.0,36.7,83.3,31.138000
186,-1,-7.0,246.0,175.7,398.6,30.702999
186,-1,1395.0,468.0,73.9,167.6,26.646999
186,-1,649.0,382.0,79.9,181.4,22.212999
186,-1,912.0,545.0,250.0,567.3,15.481000
186,-1,1686.0,465.0,52.0,118.0,6.437200
187,-1,1406.0,490.0,73.9,167.6,57.847000
187,-1,1573.0,381.0,123.4,280.1,54.717999
187,-1,1359.0,550.0,56.7,128.6,45.848999
187,-1,1430.0,447.0,87.8,199.3,28.438999
187,-1,1806.0,521.0,36.7,83.3,27.533001
187,-1,20.0,246.0,175.7,398.6,27.497000
187,-1,1848.0,505.0,30.9,70.1,15.732000
187,-1,899.0,597.0,226.7,514.5,7.783900
187,-1,631.0,733.0,30.9,70.1,7.633900
187,-1,1695.0,419.0,79.9,181.4,3.851900
188,-1,1412.0,492.0,79.9,181.4,64.019997
188,-1,47.0,246.0,175.7,398.6,59.500000
188,-1,1573.0,381.0,123.4,280.1,58.310001
188,-1,1359.0,550.0,56.7,128.6,49.005001
188,-1,1806.0,521.0,36.7,83.3,34.658001
188,-1,1395.0,468.0,73.9,167.6,31.832001
188,-1,1440.0,431.0,103.2,234.1,27.896999
188,-1,564.0,425.0,94.7,214.8,18.545000
188,-1,633.0,383.0,189.3,429.6,15.451000
188,-1,599.0,558.0,73.9,167.6,13.203000
188,-1,864.0,597.0,226.7,514.5,10.160000
188,-1,1848.0,505.0,30.9,70.1,5.287100
189,-1,1416.0,474.0,87.8,199.3,67.589996
189,-1,1573.0,381.0,123.4,280.1,48.698002
189,-1,68.0,249.0,159.8,362.7,48.685001
189,-1,1359.0,550.0,56.7,128.6,35.700001
189,-1,535.0,396.0,159.8,362.7,35.645000
189,-1,1378.0,454.0,94.7,214.8,31.789000
189,-1,1806.0,521.0,36.7,83.3,30.733000
189,-1,658.0,445.0,159.8,362.7,26.781000
189,-1,1684.0,396.0,94.7,214.8,14.516000
189,-1,1848.0,505.0,30.9,70.1,12.698000
189,-1,792.0,654.0,56.7,128.6,11.834000
189,-1,1443.0,447.0,87.8,199.3,9.579000
189,-1,940.0,84.0,175.7,398.6,9.029300
190,-1,1412.0,480.0,79.9,181.4,68.213997
190,-1,507.0,381.0,175.7,398.6,49.980999
190,-1,1602.0,385.0,113.4,257.3,42.926998
190,-1,1366.0,561.0,52.0,118.0,32.307999
190,-1,1806.0,521.0,36.7,83.3,24.841000
190,-1,633.0,383.0,189.3,429.6,22.354000
190,-1,88.0,258.0,207.4,470.7,20.634001
190,-1,1451.0,440.0,94.7,214.8,16.752001
190,-1,1687.0,407.0,87.8,199.3,15.996000
190,-1,1848.0,505.0,30.9,70.1,10.163000
190,-1,829.0,631.0,226.7,514.5,5.206200
190,-1,940.0,84.0,175.7,398.6,1.163600
191,-1,1416.0,474.0,87.8,199.3,65.103996
191,-1,1599.0,399.0,103.2,234.1,47.998001
191,-1,507.0,381.0,175.7,398.6,46.641998
191,-1,1364.0,469.0,94.7,214.8,30.264000
191,-1,1451.0,440.0,94.7,214.8,22.149000
191,-1,794.0,562.0,226.7,514.5,21.000999
191,-1,1684.0,396.0,94.7,214.8,20.264000
191,-1,1806.0,521.0,36.7,83.3,17.798000
191,-1,700.0,393.0,87.8,199.3,14.659000
191,-1,453.0,408.0,175.7,398.6,2.732100
192,-1,1416.0,474.0,87.8,199.3,60.868999
192,-1,1599.0,399.0,103.2,234.1,51.716999
192,-1,535.0,396.0,159.8,362.7,36.432999
192,-1,1378.0,454.0,94.7,214.8,32.592999
192,-1,1360.0,541.0,61.5,139.6,25.403000
192,-1,1806.0,521.0,36.7,83.3,24.865000
192,-1,1457.0,434.0,87.8,199.3,24.816999
192,-1,486.0,420.0,159.8,362.7,21.872999
192,-1,1684.0,396.0,94.7,214.8,13.865000
193,-1,1417.0,490.0,73.9,167.6,61.993000
193,-1,1592.0,381.0,123.4,280.1,44.236000
193,-1,1440.0,513.0,73.9,167.6,32.449001
193,-1,507.0,381.0,175.7,398.6,32.046001
193,-1,1466.0,440.0,94.7,214.8,27.773001
193,-1,1367.0,531.0,67.5,153.1,23.604000
193,-1,1801.0,513.0,40.1,91.0,20.531000
193,-1,1684.0,396.0,94.7,214.8,13.017000
193,-1,453.0,408.0,175.7,398.6,9.424700
193,-1,1848.0,505.0,30.9,70.1,5.857300
194,-1,1392.0,447.0,103.2,234.1,56.831001
194,-1,1602.0,385.0,113.4,257.3,45.116001
194,-1,1367.0,531.0,67.5,153.1,44.944000
194,-1,1806.0,521.0,36.7,83.3,26.915001
194,-1,480.0,408.0,175.7,398.6,21.620001
194,-1,1456.0,431.0,103.2,234.1,19.450001
194,-1,560.0,396.0,159.8,362.7,11.716000
194,-1,1678.0,383.0,103.2,234.1,10.637000
195,-1,1392.0,447.0,103.2,234.1,64.247002
195,-1,1602.0,385.0,113.4,257.3,48.959999
195,-1,1806.0,521.0,36.7,83.3,39.866001
195,-1,1367.0,531.0,67.5,153.1,32.776001
195,-1,520.0,558.0,103.2,234.1,21.268000
195,-1,1684.0,396.0,94.7,214.8,20.622000
195,-1,1436.0,454.0,94.7,214.8,17.049999
195,-1,583.0,399.0,103.2,234.1,8.665000
195,-1,1472.0,415.0,103.2,234.1,4.206700
196,-1,1422.0,469.0,94.7,214.8,69.292999
196,-1,1378.0,531.0,67.5,153.1,53.984001
196,-1,1615.0,399.0,103.2,234.1,44.152000
196,-1,514.0,430.0,146.6,332.7,29.042999
196,-1,1806.0,521.0,36.7,83.3,26.129000
196,-1,1684.0,396.0,94.7,214.8,21.216000
196,-1,1480.0,425.0,94.7,214.8,16.374001
196,-1,592.0,380.0,87.8,199.3,6.529300
197,-1,1422.0,469.0,94.7,214.8,65.422997
197,-1,198.0,213.0,270.8,614.6,53.439999
197,-1,1372.0,524.0,73.9,167.6,47.987999
197,-1,1602.0,385.0,113.4,257.3,43.890999
197,-1,1806.0,521.0,36.7,83.3,24.775999
197,-1,1472.0,415.0,103.2,234.1,23.976999
197,-1,1393.0,454.0,94.7,214.8,21.379000
197,-1,1767.0,549.0,26.0,59.0,18.726999
197,-1,1684.0,396.0,94.7,214.8,18.482000
197,-1,578.0,393.0,87.8,199.3,8.287300
197,-1,1848.0,505.0,30.9,70.1,6.496400
197,-1,1827.0,517.0,26.0,59.0,2.688900
198,-1,1422.0,469.0,94.7,214.8,73.138000
198,-1,198.0,213.0,270.8,614.6,49.046001
198,-1,1654.0,529.0,52.0,118.0,39.063999
198,-1,1361.0,463.0,103.2,234.1,29.664000
198,-1,1806.0,521.0,36.7,83.3,27.700001
198,-1,1472.0,415.0,103.2,234.1,24.437000
198,-1,1767.0,553.0,26.0,59.0,16.733000
198,-1,1684.0,396.0,94.7,214.8,14.548000
198,-1,929.0,570.0,73.9,167.6,11.960000
199,-1,1408.0,447.0,103.2,234.1,77.899002
199,-1,240.0,254.0,270.8,614.6,55.696999
199,-1,1615.0,399.0,103.2,234.1,48.387001
199,-1,1456.0,447.0,103.2,234.1,29.778999
199,-1,1806.0,521.0,36.7,83.3,21.618000
199,-1,157.0,213.0,270.8,614.6,20.792999
199,-1,1018.0,593.0,28.3,64.2,17.316000
199,-1,1684.0,396.0,94.7,214.8,13.191000
199,-1,1495.0,425.0,94.7,214.8,11.991000
199,-1,1849.0,510.0,28.3,64.2,8.554900
199,-1,1767.0,545.0,28.3,64.2,6.371900
199,-1,1377.0,463.0,103.2,234.1,6.085300
200,-1,1422.0,469.0,94.7,214.8,84.081001
200,-1,259.0,236.0,250.0,567.3,44.528000
200,-1,1619.0,385.0,113.4,257.3,38.094002
200,-1,1456.0,447.0,103.2,234.1,26.945000
200,-1,1810.0,530.0,33.7,76.6,24.655001
200,-1,824.0,171.0,270.8,614.6,16.129000
200,-1,1377.0,447.0,103.2,234.1,15.976000
200,-1,1767.0,553.0,26.0,59.0,14.479000
200,-1,157.0,296.0,270.8,614.6,12.900000
200,-1,1843.0,505.0,30.9,70.1,11.158000
200,-1,1684.0,396.0,94.7,214.8,7.171900
200,-1,1504.0,415.0,103.2,234.1,1.010600
201,-1,1430.0,488.0,87.8,199.3,80.623001
201,-1,1611.0,381.0,123.4,280.1,46.512001
201,-1,305.0,283.0,226.7,514.5,41.734001
201,-1,1806.0,521.0,36.7,83.3,36.474998
201,-1,1462.0,438.0,113.4,257.3,36.131001
201,-1,1397.0,551.0,61.5,139.6,26.587999
201,-1,991.0,570.0,61.5,139.6,12.634000
201,-1,728.0,608.0,207.4,470.7,11.605000
201,-1,182.0,313.0,250.0,567.3,7.924300
201,-1,1504.0,415.0,103.2,234.1,7.851300
201,-1,1678.0,399.0,103.2,234.1,6.632400
202,-1,1436.0,469.0,94.7,214.8,66.336998
202,-1,1611.0,381.0,123.4,280.1,48.462002
202,-1,298.0,236.0,250.0,567.3,35.834000
202,-1,157.0,254.0,270.8,614.6,28.837000
202,-1,1399.0,531.0,67.5,153.1,23.323000
202,-1,1806.0,521.0,36.7,83.3,20.367001
202,-1,920.0,290.0,207.4,470.7,19.121000
202,-1,1472.0,431.0,103.2,234.1,17.920000
202,-1,1849.0,510.0,28.3,64.2,15.738000
202,-1,1678.0,399.0,103.2,234.1,4.522700
203,-1,1436.0,469.0,94.7,214.8,66.527000
203,-1,1630.0,399.0,103.2,234.1,45.076000
203,-1,345.0,273.0,175.7,398.6,38.141998
203,-1,1472.0,447.0,103.2,234.1,37.387001
203,-1,1399.0,531.0,67.5,153.1,35.280998
203,-1,994.0,562.0,67.5,153.1,27.319000
203,-1,182.0,275.0,250.0,567.3,21.594000
203,-1,1806.0,521.0,36.7,83.3,17.959000
203,-1,1848.0,505.0,30.9,70.1,15.290000
203,-1,1678.0,399.0,103.2,234.1,7.650400
203,-1,1412.0,482.0,40.1,91.0,4.876500
203,-1,948.0,530.0,33.7,76.6,3.318100
204,-1,1436.0,469.0,94.7,214.8,59.022999
204,-1,1630.0,399.0,103.2,234.1,40.456001
204,-1,182.0,275.0,250.0,567.3,39.629002
204,-1,1472.0,447.0,103.2,234.1,37.191002
204,-1,1399.0,521.0,67.5,153.1,30.231001
204,-1,1519.0,415.0,103.2,234.1,29.653999
204,-1,1806.0,521.0,36.7,83.3,28.863001
204,-1,1671.0,385.0,113.4,257.3,28.663000
204,-1,380.0,316.0,113.4,257.3,24.392000
204,-1,1843.0,505.0,30.9,70.1,23.395000
204,-1,834.0,603.0,79.9,181.4,18.632999
204,-1,945.0,566.0,79.9,181.4,13.088000
204,-1,939.0,549.0,26.0,59.0,11.232000
204,-1,1021.0,338.0,30.9,70.1,8.537500
205,-1,1440.0,447.0,103.2,234.1,72.356003
205,-1,409.0,32.0,33.7,76.6,51.064999
205,-1,201.0,283.0,226.7,514.5,39.875000
205,-1,1654.0,385.0,113.4,257.3,39.723999
205,-1,1408.0,463.0,103.2,234.1,38.119999
205,-1,1806.0,521.0,36.7,83.3,28.142000
205,-1,952.0,322.0,207.4,470.7,25.643000
205,-1,1535.0,415.0,103.2,234.1,22.393999
205,-1,1619.0,403.0,113.4,257.3,21.987000
205,-1,40.0,498.0,146.6,332.7,21.870001
205,-1,1820.0,494.0,33.7,76.6,17.488001
205,-1,419.0,37.0,33.7,76.6,16.436001
205,-1,1472.0,463.0,103.2,234.1,14.655000
205,-1,1767.0,553.0,26.0,59.0,13.322000
205,-1,1845.0,504.0,36.7,83.3,11.546000
205,-1,848.0,624.0,67.5,153.1,9.048300
205,-1,938.0,525.0,33.7,76.6,6.537500
205,-1,600.0,4.0,207.4,470.7,4.480400
206,-1,1440.0,447.0,103.2,234.1,77.377998
206,-1,1654.0,385.0,113.4,257.3,51.171001
206,-1,1408.0,463.0,103.2,234.1,41.765999
206,-1,1806.0,521.0,36.7,83.3,24.271000
206,-1,1472.0,463.0,103.2,234.1,19.170000
206,-1,1035.0,562.0,67.5,153.1,18.780001
206,-1,1524.0,425.0,94.7,214.8,17.238001
206,-1,40.0,498.0,146.6,332.7,11.257000
206,-1,1305.0,401.0,28.3,64.2,9.317600
206,-1,1619.0,403.0,113.4,257.3,8.776600
206,-1,1049.0,338.0,30.9,70.1,5.819100
206,-1,1823.0,513.0,26.0,59.0,5.469000
206,-1,536.0,4.0,207.4,470.7,5.271700
206,-1,1848.0,510.0,30.9,70.1,3.883100
206,-1,922.0,473.0,33.7,76.6,2.536300
207,-1,1440.0,447.0,103.2,234.1,75.107002
207,-1,1654.0,385.0,113.4,257.3,45.740002
207,-1,1408.0,463.0,103.2,234.1,31.122999
207,-1,1806.0,521.0,36.7,83.3,24.955999
207,-1,680.0,556.0,94.7,214.8,24.216000
207,-1,1519.0,415.0,103.2,234.1,23.160999
207,-1,1472.0,431.0,103.2,234.1,22.121000
207,-1,1055.0,554.0,79.9,181.4,14.840000
207,-1,1846.0,515.0,33.7,76.6,6.647400
207,-1,901.0,478.0,103.2,234.1,6.251600
207,-1,956.0,525.0,113.4,257.3,5.349000
207,-1,1087.0,556.0,94.7,214.8,2.737200
208,-1,1427.0,438.0,113.4,257.3,72.058998
208,-1,1654.0,385.0,113.4,257.3,46.438000
208,-1,694.0,542.0,103.2,234.1,33.917000
208,-1,1806.0,521.0,36.7,83.3,29.445000
208,-1,1538.0,425.0,94.7,214.8,28.101999
208,-1,1462.0,455.0,113.4,257.3,24.740000
208,-1,292.0,35.0,36.7,83.3,24.520000
208,-1,1080.0,554.0,79.9,181.4,24.267000
208,-1,-36.0,558.0,189.3,429.6,20.961000
208,-1,916.0,478.0,103.2,234.1,19.094000
208,-1,1848.0,505.0,30.9,70.1,15.613000
208,-1,1399.0,541.0,67.5,153.1,6.554500
208,-1,1767.0,553.0,26.0,59.0,5.495900
209,-1,1440.0,447.0,103.2,234.1,73.311996
209,-1,1654.0,385.0,113.4,257.3,39.923000
209,-1,642.0,381.0,175.7,398.6,36.862999
209,-1,1406.0,524.0,73.9,167.6,31.271000
209,-1,1472.0,431.0,103.2,234.1,24.790001
209,-1,1011.0,325.0,189.3,429.6,24.589001
209,-1,1553.0,425.0,94.7,214.8,21.850000
209,-1,1849.0,506.0,28.3,64.2,19.794001
209,-1,1806.0,521.0,36.7,83.3,18.224001
209,-1,921.0,396.0,67.5,153.1,17.636000
209,-1,930.0,501.0,87.8,199.3,10.691000
209,-1,1767.0,553.0,26.0,59.0,8.838100
209,-1,883.0,709.0,30.9,70.1,5.856000
209,-1,230.0,23.0,36.7,83.3,5.814800
210,-1,1440.0,447.0,103.2,234.1,82.930000
210,-1,633.0,354.0,189.3,429.6,51.166000
210,-1,1662.0,399.0,103.2,234.1,41.230000
210,-1,1419.0,541.0,67.5,153.1,34.750999
210,-1,1848.0,505.0,30.9,70.1,30.641001
210,-1,1472.0,463.0,103.2,234.1,25.795000
210,-1,172.0,1.0,56.7,128.6,21.546000
210,-1,1798.0,504.0,43.6,99.0,21.267000
210,-1,1553.0,425.0,94.7,214.8,16.938000
210,-1,1048.0,354.0,175.7,398.6,15.631000
210,-1,913.0,460.0,135.4,307.3,12.249000
211,-1,1440.0,447.0,103.2,234.1,76.206001
211,-1,1671.0,385.0,113.4,257.3,52.064999
211,-1,1472.0,463.0,103.2,234.1,49.484001
211,-1,935.0,545.0,28.3,64.2,46.976002
211,-1,1419.0,541.0,67.5,153.1,46.084000
211,-1,1806.0,521.0,36.7,83.3,23.931000
211,-1,1040.0,325.0,189.3,429.6,22.319000
211,-1,946.0,476.0,123.4,280.1,20.365000
211,-1,1588.0,479.0,73.9,167.6,16.184000
211,-1,632.0,385.0,207.4,470.7,13.683000
211,-1,1846.0,510.0,33.7,76.6,11.597000
211,-1,1767.0,545.0,28.3,64.2,8.511400
211,-1,931.0,482.0,40.1,91.0,6.965600
212,-1,1444.0,438.0,113.4,257.3,70.023003
212,-1,559.0,273.0,146.6,332.7,51.452999
212,-1,1671.0,385.0,113.4,257.3,46.499001
212,-1,935.0,545.0,28.3,64.2,31.658001
212,-1,1417.0,524.0,73.9,167.6,30.243999
212,-1,1801.0,513.0,40.1,91.0,26.391001
212,-1,946.0,476.0,123.4,280.1,22.037001
212,-1,1845.0,506.0,28.3,64.2,21.882999
212,-1,1565.0,447.0,87.8,199.3,21.549000
212,-1,1048.0,327.0,175.7,398.6,19.872000
212,-1,704.0,543.0,135.4,307.3,7.999200
213,-1,1444.0,438.0,113.4,257.3,76.788002
213,-1,558.0,293.0,135.4,307.3,58.166000
213,-1,1671.0,385.0,113.4,257.3,55.463001
213,-1,1417.0,524.0,73.9,167.6,35.554001
213,-1,1040.0,325.0,189.3,429.6,28.914000
213,-1,1801.0,513.0,40.1,91.0,25.575001
213,-1,1567.0,425.0,94.7,214.8,22.862000
213,-1,964.0,463.0,103.2,234.1,22.462999
213,-1,1848.0,505.0,30.9,70.1,14.477000
213,-1,704.0,543.0,135.4,307.3,11.467000
214,-1,1444.0,438.0,113.4,257.3,84.097000
214,-1,528.0,236.0,250.0,567.3,54.660000
214,-1,1678.0,399.0,103.2,234.1,53.088001
214,-1,1806.0,521.0,36.7,83.3,36.835999
214,-1,955.0,460.0,135.4,307.3,36.432999
214,-1,1417.0,524.0,73.9,167.6,31.437000
214,-1,1069.0,325.0,189.3,429.6,31.382000
214,-1,704.0,543.0,135.4,307.3,19.493000
214,-1,1579.0,447.0,87.8,199.3,18.263000
214,-1,1848.0,505.0,30.9,70.1,14.784000
215,-1,1444.0,438.0,113.4,257.3,84.839996
215,-1,1678.0,399.0,103.2,234.1,52.719002
215,-1,532.0,254.0,270.8,614.6,50.063999
215,-1,955.0,460.0,135.4,307.3,46.466000
215,-1,1806.0,521.0,36.7,83.3,32.390999
215,-1,1417.0,524.0,73.9,167.6,30.599001
215,-1,1069.0,325.0,189.3,429.6,30.229000
215,-1,1849.0,506.0,28.3,64.2,14.201000
215,-1,1588.0,445.0,73.9,167.6,13.806000
215,-1,758.0,558.0,103.2,234.1,12.147000
215,-1,986.0,414.0,40.1,91.0,5.984000
216,-1,1444.0,438.0,113.4,257.3,89.303001
216,-1,1678.0,399.0,103.2,234.1,57.098999
216,-1,574.0,254.0,270.8,614.6,51.152000
216,-1,966.0,430.0,146.6,332.7,47.657001
216,-1,1806.0,521.0,36.7,83.3,35.318001
216,-1,1075.0,354.0,175.7,398.6,33.255001
216,-1,1417.0,524.0,73.9,167.6,21.736000
216,-1,1848.0,505.0,30.9,70.1,10.005000
216,-1,449.0,254.0,270.8,614.6,5.915100
216,-1,1588.0,456.0,73.9,167.6,4.669000
216,-1,1479.0,420.0,113.4,257.3,3.885900
217,-1,1444.0,438.0,113.4,257.3,90.306999
217,-1,1678.0,399.0,103.2,234.1,61.208000
217,-1,574.0,254.0,270.8,614.6,52.028000
217,-1,976.0,460.0,135.4,307.3,47.666000
217,-1,1583.0,415.0,103.2,234.1,35.097000
217,-1,1069.0,325.0,189.3,429.6,32.870998
217,-1,1806.0,521.0,36.7,83.3,24.679001
217,-1,191.0,617.0,159.8,362.7,19.356001
217,-1,548.0,803.0,40.1,91.0,19.349001
217,-1,1408.0,463.0,103.2,234.1,5.119600
218,-1,1462.0,438.0,113.4,257.3,87.092003
218,-1,605.0,275.0,250.0,567.3,61.087002
218,-1,1678.0,399.0,103.2,234.1,55.518002
218,-1,1596.0,425.0,94.7,214.8,48.964001
218,-1,976.0,460.0,135.4,307.3,38.349998
218,-1,1806.0,521.0,36.7,83.3,29.177000
218,-1,1102.0,354.0,175.7,398.6,25.540001
218,-1,1424.0,447.0,103.2,234.1,25.040001
218,-1,196.0,558.0,189.3,429.6,18.082001
219,-1,1462.0,438.0,113.4,257.3,85.924004
219,-1,605.0,275.0,250.0,567.3,68.858002
219,-1,1599.0,415.0,103.2,234.1,67.459000
219,-1,1678.0,399.0,103.2,234.1,59.738998
219,-1,225.0,558.0,189.3,429.6,29.681999
219,-1,472.0,322.0,207.4,470.7,23.914000
219,-1,1806.0,515.0,36.7,83.3,21.716999
219,-1,1710.0,383.0,103.2,234.1,20.728001
219,-1,1430.0,541.0,67.5,153.1,19.559000
219,-1,988.0,430.0,146.6,332.7,18.149000
219,-1,1126.0,347.0,159.8,362.7,15.767000
219,-1,1849.0,523.0,28.3,64.2,5.916400
220,-1,1462.0,438.0,113.4,257.3,89.888000
220,-1,1694.0,399.0,103.2,234.1,68.132004
220,-1,605.0,275.0,250.0,567.3,63.272999
220,-1,1599.0,415.0,103.2,234.1,47.111000
220,-1,1129.0,354.0,175.7,398.6,23.292999
220,-1,338.0,592.0,159.8,362.7,22.931999
220,-1,1806.0,515.0,36.7,83.3,21.403000
220,-1,472.0,322.0,207.4,470.7,13.812000
220,-1,1846.0,510.0,33.7,76.6,11.127000
220,-1,1017.0,460.0,135.4,307.3,1.493800
221,-1,1462.0,438.0,113.4,257.3,93.235001
221,-1,643.0,275.0,250.0,567.3,64.911003
221,-1,1678.0,399.0,103.2,234.1,59.088001
221,-1,1599.0,415.0,103.2,234.1,42.631001
221,-1,1811.0,521.0,36.7,83.3,24.997999
221,-1,1129.0,354.0,175.7,398.6,24.475000
221,-1,504.0,322.0,207.4,470.7,20.125000
221,-1,1845.0,510.0,36.7,83.3,19.908001
221,-1,1039.0,410.0,43.6,99.0,9.950000
222,-1,1462.0,438.0,113.4,257.3,88.537003
222,-1,643.0,275.0,250.0,567.3,72.394997
222,-1,1678.0,399.0,103.2,234.1,58.389000
222,-1,88.0,544.0,207.4,470.7,35.955002
222,-1,837.0,542.0,103.2,234.1,29.768000
222,-1,1611.0,425.0,94.7,214.8,27.421000
222,-1,504.0,322.0,207.4,470.7,26.150000
222,-1,1801.0,501.0,47.8,108.5,21.417000
222,-1,1845.0,510.0,36.7,83.3,19.326000
222,-1,1525.0,488.0,87.8,199.3,13.336000
222,-1,1127.0,325.0,189.3,429.6,12.218000
222,-1,152.0,512.0,207.4,470.7,12.175000
222,-1,1017.0,439.0,135.4,307.3,8.823900
222,-1,1767.0,473.0,26.0,59.0,6.565400
222,-1,1640.0,410.0,94.7,214.8,1.683200
223,-1,682.0,275.0,250.0,567.3,79.973999
223,-1,1462.0,438.0,113.4,257.3,75.800003
223,-1,1678.0,399.0,103.2,234.1,51.883999
223,-1,1146.0,363.0,146.6,332.7,42.618999
223,-1,198.0,296.0,270.8,614.6,40.067001
223,-1,1801.0,513.0,40.1,91.0,38.074001
223,-1,536.0,322.0,207.4,470.7,23.677999
223,-1,1497.0,455.0,113.4,257.3,21.608999
223,-1,1615.0,399.0,103.2,234.1,18.393999
223,-1,131.0,492.0,226.7,514.5,14.781000
223,-1,1845.0,510.0,36.7,83.3,12.376000
223,-1,1038.0,439.0,135.4,307.3,10.801000
224,-1,682.0,275.0,250.0,567.3,96.366997
224,-1,1462.0,438.0,113.4,257.3,74.583000
224,-1,1678.0,399.0,103.2,234.1,46.527000
224,-1,198.0,338.0,270.8,614.6,45.305000
224,-1,536.0,290.0,207.4,470.7,42.358002
224,-1,1497.0,455.0,113.4,257.3,37.007999
224,-1,1804.0,504.0,43.6,99.0,30.679001
224,-1,1151.0,347.0,159.8,362.7,28.243999
224,-1,115.0,379.0,270.8,614.6,26.740000
224,-1,1626.0,425.0,94.7,214.8,24.632999
224,-1,1059.0,439.0,135.4,307.3,20.499001
224,-1,412.0,646.0,135.4,307.3,18.266001
225,-1,682.0,275.0,250.0,567.3,104.360001
225,-1,1488.0,447.0,103.2,234.1,75.705002
225,-1,198.0,338.0,270.8,614.6,53.212002
225,-1,1689.0,385.0,113.4,257.3,53.192001
225,-1,1461.0,541.0,67.5,153.1,44.466000
225,-1,1156.0,354.0,175.7,398.6,35.962002
225,-1,282.0,296.0,270.8,614.6,33.669998
225,-1,536.0,290.0,207.4,470.7,29.405001
225,-1,1798.0,504.0,43.6,99.0,27.389000
225,-1,1059.0,439.0,135.4,307.3,26.600000
225,-1,758.0,236.0,250.0,567.3,13.741000
225,-1,1519.0,463.0,103.2,234.1,9.967300
225,-1,1668.0,420.0,47.8,108.5,9.244200
226,-1,724.0,283.0,226.7,514.5,94.061996
226,-1,1495.0,469.0,94.7,214.8,75.206001
226,-1,1710.0,399.0,103.2,234.1,54.700001
226,-1,240.0,338.0,270.8,614.6,54.110001
226,-1,1471.0,541.0,67.5,153.1,48.789001
226,-1,1156.0,354.0,175.7,398.6,31.947001
226,-1,433.0,646.0,135.4,307.3,30.716999
226,-1,1801.0,501.0,47.8,108.5,29.400000
226,-1,1059.0,439.0,135.4,307.3,15.287000
226,-1,1848.0,505.0,30.9,70.1,13.412000
226,-1,875.0,453.0,146.6,332.7,11.207000
226,-1,568.0,322.0,207.4,470.7,4.651900
227,-1,724.0,283.0,226.7,514.5,97.989998
227,-1,1488.0,463.0,103.2,234.1,76.271004
227,-1,1710.0,399.0,103.2,234.1,54.966999
227,-1,240.0,338.0,270.8,614.6,52.060001
227,-1,1169.0,363.0,146.6,332.7,38.793999
227,-1,1463.0,536.0,73.9,167.6,37.497002
227,-1,323.0,296.0,270.8,614.6,29.634001
227,-1,1801.0,513.0,40.1,91.0,26.476000
227,-1,875.0,453.0,146.6,332.7,23.851999
227,-1,1519.0,447.0,103.2,234.1,19.726000
227,-1,1059.0,439.0,135.4,307.3,16.931000
227,-1,1854.0,510.0,28.3,64.2,15.677000
227,-1,1624.0,537.0,47.8,108.5,4.524700
228,-1,1504.0,463.0,103.2,234.1,87.935997
228,-1,760.0,290.0,207.4,470.7,77.528999
228,-1,240.0,296.0,270.8,614.6,63.143002
228,-1,1710.0,399.0,103.2,234.1,60.688000
228,-1,323.0,338.0,270.8,614.6,58.272999
228,-1,1472.0,447.0,103.2,234.1,47.710999
228,-1,1175.0,347.0,159.8,362.7,42.118000
228,-1,616.0,748.0,40.1,91.0,30.417000
228,-1,875.0,430.0,146.6,332.7,24.312000
228,-1,1059.0,439.0,135.4,307.3,23.667999
228,-1,1819.0,517.0,26.0,59.0,23.441000
228,-1,603.0,760.0,40.1,91.0,13.740000
228,-1,1849.0,510.0,28.3,64.2,9.523200
228,-1,1655.0,410.0,94.7,214.8,6.445400
228,-1,735.0,410.0,28.3,64.2,5.849200
228,-1,1800.0,521.0,36.7,83.3,4.275400
229,-1,1504.0,463.0,103.2,234.1,85.635002
229,-1,759.0,283.0,226.7,514.5,69.417000
229,-1,323.0,296.0,270.8,614.6,68.000999
229,-1,1710.0,399.0,103.2,234.1,51.903999
229,-1,1471.0,552.0,67.5,153.1,42.160000
229,-1,1200.0,371.0,159.8,362.7,36.242001
229,-1,1823.0,517.0,26.0,59.0,22.775999
229,-1,1655.0,425.0,94.7,214.8,22.379999
229,-1,1080.0,439.0,135.4,307.3,22.257000
229,-1,221.0,313.0,250.0,567.3,20.920000
229,-1,1486.0,457.0,52.0,118.0,18.237000
229,-1,1844.0,507.0,40.1,91.0,7.335100
230,-1,1504.0,463.0,103.2,234.1,86.204002
230,-1,758.0,275.0,250.0,567.3,71.527000
230,-1,323.0,296.0,270.8,614.6,62.662998
230,-1,1482.0,552.0,67.5,153.1,47.880001
230,-1,1727.0,396.0,94.7,214.8,44.451000
230,-1,1079.0,430.0,146.6,332.7,27.580999
230,-1,240.0,338.0,270.8,614.6,22.075001
230,-1,1844.0,501.0,40.1,91.0,21.906000
230,-1,407.0,338.0,270.8,614.6,20.922001
230,-1,1183.0,327.0,175.7,398.6,20.101000
230,-1,1806.0,515.0,36.7,83.3,19.395000
230,-1,1678.0,399.0,103.2,234.1,15.025000
230,-1,1552.0,488.0,87.8,199.3,9.567200
230,-1,-26.0,480.0,135.4,307.3,3.505500
230,-1,1659.0,481.0,26.0,59.0,1.481900
231,-1,1497.0,438.0,113.4,257.3,81.536003
231,-1,792.0,290.0,207.4,470.7,63.458000
231,-1,323.0,296.0,270.8,614.6,59.962002
231,-1,1726.0,399.0,103.2,234.1,53.513000
231,-1,407.0,338.0,270.8,614.6,43.512001
231,-1,1284.0,552.0,67.5,153.1,30.033001
231,-1,1819.0,517.0,26.0,59.0,29.291000
231,-1,1678.0,399.0,103.2,234.1,27.966999
231,-1,1549.0,438.0,113.4,257.3,24.492001
231,-1,1474.0,547.0,73.9,167.6,22.184999
231,-1,1227.0,693.0,28.3,64.2,19.207001
231,-1,1101.0,439.0,135.4,307.3,15.233000
231,-1,774.0,406.0,28.3,64.2,12.365000
231,-1,-28.0,453.0,146.6,332.7,4.424400
231,-1,1854.0,510.0,28.3,64.2,2.889500
232,-1,1497.0,438.0,113.4,257.3,70.852997
232,-1,1726.0,399.0,103.2,234.1,65.029999
232,-1,407.0,338.0,270.8,614.6,64.146004
232,-1,794.0,283.0,226.7,514.5,60.300999
232,-1,323.0,296.0,270.8,614.6,45.317001
232,-1,1295.0,552.0,67.5,153.1,32.222000
232,-1,1806.0,521.0,36.7,83.3,21.341999
232,-1,1462.0,455.0,113.4,257.3,20.049999
232,-1,1678.0,415.0,103.2,234.1,13.423000
232,-1,40.0,498.0,146.6,332.7,9.669200
232,-1,620.0,248.0,226.7,514.5,9.588900
232,-1,1122.0,397.0,135.4,307.3,8.413900
232,-1,1854.0,510.0,28.3,64.2,7.421700
232,-1,1647.0,488.0,40.1,91.0,6.584100
233,-1,1497.0,438.0,113.4,257.3,87.935997
233,-1,407.0,338.0,270.8,614.6,84.530998
233,-1,1742.0,410.0,94.7,214.8,50.472000
233,-1,797.0,275.0,250.0,567.3,49.331001
233,-1,323.0,296.0,270.8,614.6,43.076000
233,-1,1532.0,455.0,113.4,257.3,28.164000
233,-1,1214.0,363.0,146.6,332.7,26.589001
233,-1,1684.0,425.0,94.7,214.8,25.575001
233,-1,1462.0,455.0,113.4,257.3,24.422001
233,-1,40.0,498.0,146.6,332.7,19.801001
233,-1,742.0,526.0,103.2,234.1,13.882000
233,-1,1122.0,397.0,135.4,307.3,12.303000
233,-1,-26.0,480.0,135.4,307.3,10.845000
233,-1,1823.0,517.0,26.0,59.0,10.421000
233,-1,1854.0,510.0,28.3,64.2,3.474900
234,-1,1497.0,438.0,113.4,257.3,94.033997
234,-1,407.0,338.0,270.8,614.6,75.731003
234,-1,1742.0,399.0,103.2,234.1,62.141998
234,-1,824.0,290.0,207.4,470.7,48.588001
234,-1,323.0,296.0,270.8,614.6,44.837002
234,-1,1532.0,455.0,113.4,257.3,40.591000
234,-1,1724.0,537.0,43.6,99.0,38.275002
234,-1,40.0,498.0,146.6,332.7,25.024000
234,-1,1237.0,363.0,146.6,332.7,21.551001
234,-1,1124.0,385.0,146.6,332.7,20.705000
234,-1,1828.0,510.0,28.3,64.2,16.542000
234,-1,1848.0,505.0,30.9,70.1,9.522300
234,-1,1247.0,638.0,43.6,99.0,3.278100
235,-1,1514.0,438.0,113.4,257.3,83.364998
235,-1,407.0,338.0,270.8,614.6,72.287003
235,-1,829.0,283.0,226.7,514.5,66.656998
235,-1,1742.0,399.0,103.2,234.1,66.247002
235,-1,490.0,296.0,270.8,614.6,46.983002
235,-1,323.0,296.0,270.8,614.6,30.825001
235,-1,1225.0,347.0,159.8,362.7,25.719999
235,-1,1479.0,455.0,113.4,257.3,22.886000
235,-1,1727.0,544.0,40.1,91.0,20.903000
235,-1,40.0,498.0,146.6,332.7,18.535999
235,-1,1124.0,385.0,146.6,332.7,16.402000
235,-1,1848.0,505.0,30.9,70.1,13.298000
236,-1,1514.0,438.0,113.4,257.3,70.084999
236,-1,1757.0,399.0,103.2,234.1,69.252998
236,-1,829.0,283.0,226.7,514.5,64.908997
236,-1,407.0,296.0,270.8,614.6,63.546001
236,-1,490.0,338.0,270.8,614.6,52.833000
236,-1,1237.0,363.0,146.6,332.7,43.664001
236,-1,1694.0,399.0,103.2,234.1,32.804001
236,-1,1479.0,420.0,113.4,257.3,27.638000
236,-1,1848.0,505.0,30.9,70.1,16.961000
237,-1,1514.0,438.0,113.4,257.3,66.070999
237,-1,1757.0,399.0,103.2,234.1,62.296001
237,-1,490.0,296.0,270.8,614.6,49.497002
237,-1,864.0,283.0,226.7,514.5,48.563000
237,-1,1237.0,363.0,146.6,332.7,47.687000
237,-1,407.0,338.0,270.8,614.6,46.289001
237,-1,696.0,290.0,207.4,470.7,25.125000
237,-1,1694.0,399.0,103.2,234.1,25.101000
237,-1,40.0,498.0,146.6,332.7,18.368999
237,-1,1485.0,445.0,73.9,167.6,17.844000
237,-1,1848.0,505.0,30.9,70.1,13.891000
237,-1,1124.0,385.0,146.6,332.7,11.731000
238,-1,1535.0,463.0,103.2,234.1,68.583000
238,-1,1757.0,399.0,103.2,234.1,55.320000
238,-1,864.0,283.0,226.7,514.5,53.363998
238,-1,449.0,296.0,270.8,614.6,50.615002
238,-1,1143.0,418.0,135.4,307.3,38.153999
238,-1,1259.0,363.0,146.6,332.7,37.661999
238,-1,689.0,283.0,226.7,514.5,33.541000
238,-1,1504.0,431.0,103.2,234.1,21.643000
238,-1,1698.0,410.0,94.7,214.8,14.497000
238,-1,566.0,313.0,250.0,567.3,12.449000
238,-1,1855.0,517.0,26.0,59.0,0.922260
239,-1,1538.0,483.0,94.7,214.8,67.709000
239,-1,528.0,313.0,250.0,567.3,61.306000
239,-1,864.0,283.0,226.7,514.5,61.169998
239,-1,1757.0,399.0,103.2,234.1,43.305000
239,-1,451.0,352.0,250.0,567.3,37.484001
239,-1,1181.0,583.0,67.5,153.1,36.856998
239,-1,1259.0,363.0,146.6,332.7,35.616001
239,-1,720.0,325.0,189.3,429.6,34.597000
239,-1,1710.0,399.0,103.2,234.1,25.009001
239,-1,1509.0,440.0,94.7,214.8,24.908001
239,-1,1186.0,431.0,103.2,234.1,18.906000
240,-1,490.0,296.0,270.8,614.6,61.778999
240,-1,856.0,290.0,207.4,470.7,55.808998
240,-1,1538.0,483.0,94.7,214.8,53.325001
240,-1,1742.0,399.0,103.2,234.1,48.881001
240,-1,728.0,290.0,207.4,470.7,46.340000
240,-1,1259.0,363.0,146.6,332.7,43.581001
240,-1,1146.0,385.0,146.6,332.7,25.886000
240,-1,1694.0,399.0,103.2,234.1,12.780000
240,-1,1509.0,440.0,94.7,214.8,11.729000
240,-1,1585.0,469.0,67.5,153.1,5.078600
240,-1,920.0,322.0,207.4,470.7,4.126000
241,-1,888.0,290.0,207.4,470.7,67.810997
241,-1,532.0,296.0,270.8,614.6,60.680000
241,-1,1516.0,419.0,123.4,280.1,49.015999
241,-1,1742.0,399.0,103.2,234.1,43.403000
241,-1,1259.0,363.0,146.6,332.7,40.547001
241,-1,759.0,283.0,226.7,514.5,25.266001
241,-1,1164.0,397.0,135.4,307.3,19.834999
241,-1,1773.0,383.0,103.2,234.1,12.735000
241,-1,1710.0,383.0,103.2,234.1,9.269100
242,-1,532.0,296.0,270.8,614.6,53.174000
242,-1,1516.0,419.0,123.4,280.1,46.650002
242,-1,899.0,283.0,226.7,514.5,45.924000
242,-1,1757.0,399.0,103.2,234.1,44.401001
242,-1,1282.0,385.0,146.6,332.7,29.562000
242,-1,708.0,519.0,159.8,362.7,23.181000
242,-1,1186.0,494.0,103.2,234.1,20.349001
242,-1,760.0,290.0,207.4,470.7,13.359000
242,-1,1596.0,479.0,67.5,153.1,12.434000
242,-1,1713.0,396.0,94.7,214.8,11.712000
242,-1,1482.0,448.0,67.5,153.1,7.635200
243,-1,528.0,313.0,250.0,567.3,67.919998
243,-1,1516.0,419.0,123.4,280.1,51.615002
243,-1,1757.0,399.0,103.2,234.1,45.102001
243,-1,934.0,283.0,226.7,514.5,43.143002
243,-1,616.0,296.0,270.8,614.6,35.347000
243,-1,1259.0,363.0,146.6,332.7,33.861000
243,-1,778.0,296.0,189.3,429.6,27.209000
243,-1,1186.0,494.0,103.2,234.1,25.132000
243,-1,1710.0,399.0,103.2,234.1,9.044600
243,-1,1596.0,469.0,67.5,153.1,8.052600
244,-1,528.0,313.0,250.0,567.3,73.254997
244,-1,952.0,290.0,207.4,470.7,65.539001
244,-1,1742.0,399.0,103.2,234.1,58.000000
244,-1,1516.0,419.0,123.4,280.1,56.749001
244,-1,616.0,296.0,270.8,614.6,54.133999
244,-1,1282.0,363.0,146.6,332.7,38.859001
244,-1,898.0,385.0,146.6,332.7,23.917999
244,-1,1202.0,478.0,103.2,234.1,21.169001
244,-1,1567.0,455.0,113.4,257.3,18.309999
245,-1,934.0,283.0,226.7,514.5,83.903999
245,-1,528.0,313.0,250.0,567.3,70.094002
245,-1,1553.0,483.0,94.7,214.8,59.667000
245,-1,1757.0,399.0,103.2,234.1,59.209000
245,-1,643.0,313.0,250.0,567.3,43.840000
245,-1,1289.0,376.0,135.4,307.3,34.238998
245,-1,1213.0,490.0,73.9,167.6,25.301001
245,-1,864.0,318.0,226.7,514.5,23.334000
245,-1,1350.0,609.0,52.0,118.0,17.607000
245,-1,1838.0,507.0,40.1,91.0,6.599700
246,-1,984.0,290.0,207.4,470.7,92.474998
246,-1,1757.0,399.0,103.2,234.1,70.648003
246,-1,1532.0,438.0,113.4,257.3,69.146004
246,-1,566.0,313.0,250.0,567.3,63.761002
246,-1,920.0,322.0,207.4,470.7,50.174000
246,-1,682.0,313.0,250.0,567.3,48.659000
246,-1,1567.0,455.0,113.4,257.3,43.106998
246,-1,1282.0,363.0,146.6,332.7,39.963001
246,-1,797.0,313.0,250.0,567.3,28.735001
246,-1,1224.0,490.0,73.9,167.6,20.233000
246,-1,1497.0,455.0,113.4,257.3,11.374000
247,-1,969.0,283.0,226.7,514.5,107.300003
247,-1,1757.0,399.0,103.2,234.1,72.447998
247,-1,1516.0,419.0,123.4,280.1,71.643997
247,-1,682.0,313.0,250.0,567.3,61.926998
247,-1,566.0,313.0,250.0,567.3,54.694000
247,-1,1282.0,363.0,146.6,332.7,47.359001
247,-1,1567.0,455.0,113.4,257.3,43.578999
247,-1,797.0,313.0,250.0,567.3,37.990002
247,-1,1214.0,385.0,146.6,332.7,26.577999
248,-1,984.0,290.0,207.4,470.7,87.094002
248,-1,1535.0,419.0,123.4,280.1,73.639999
248,-1,720.0,313.0,250.0,567.3,63.775002
248,-1,1773.0,399.0,103.2,234.1,61.660999
248,-1,585.0,353.0,226.7,514.5,53.912998
248,-1,1192.0,385.0,146.6,332.7,39.744999
248,-1,920.0,322.0,207.4,470.7,33.323002
248,-1,1282.0,363.0,146.6,332.7,31.910999
248,-1,1742.0,415.0,103.2,234.1,20.573000
248,-1,1479.0,438.0,113.4,257.3,6.092400
248,-1,1599.0,463.0,103.2,234.1,0.330860
249,-1,758.0,313.0,250.0,567.3,77.741997
249,-1,984.0,322.0,207.4,470.7,72.683998
249,-1,1535.0,419.0,123.4,280.1,69.949997
249,-1,1773.0,399.0,103.2,234.1,61.327999
249,-1,605.0,313.0,250.0,567.3,55.969002
249,-1,1214.0,385.0,146.6,332.7,48.865002
249,-1,1305.0,385.0,146.6,332.7,27.841999
249,-1,934.0,397.0,135.4,307.3,20.929001
249,-1,1497.0,438.0,123.4,280.1,19.488001
249,-1,100.0,490.0,113.4,257.3,11.810000
249,-1,682.0,352.0,250.0,567.3,11.216000
250,-1,1773.0,399.0,103.2,234.1,73.721001
250,-1,1535.0,419.0,123.4,280.1,72.206001
250,-1,1004.0,283.0,226.7,514.5,69.785004
250,-1,720.0,313.0,250.0,567.3,66.825996
250,-1,585.0,353.0,226.7,514.5,55.166000
250,-1,940.0,354.0,175.7,398.6,45.978001
250,-1,1214.0,385.0,146.6,332.7,44.271000
250,-1,1584.0,455.0,113.4,257.3,35.646999
250,-1,1305.0,385.0,146.6,332.7,25.597000
250,-1,22.0,578.0,79.9,181.4,2.562900
251,-1,1773.0,399.0,103.2,234.1,80.755997
251,-1,758.0,313.0,250.0,567.3,77.678001
251,-1,1004.0,283.0,226.7,514.5,73.464996
251,-1,1532.0,438.0,113.4,257.3,66.550003
251,-1,620.0,353.0,226.7,514.5,57.948002
251,-1,1567.0,455.0,113.4,257.3,49.358002
251,-1,1214.0,385.0,146.6,332.7,46.287998
251,-1,1403.0,550.0,56.7,128.6,29.132000
251,-1,940.0,354.0,175.7,398.6,24.221001
252,-1,758.0,313.0,250.0,567.3,83.759003
252,-1,1016.0,290.0,207.4,470.7,79.113998
252,-1,1773.0,399.0,103.2,234.1,72.660004
252,-1,1532.0,438.0,113.4,257.3,62.551998
252,-1,655.0,353.0,226.7,514.5,57.299999
252,-1,1567.0,455.0,113.4,257.3,42.841999
252,-1,1406.0,553.0,52.0,118.0,32.165001
252,-1,1214.0,385.0,146.6,332.7,32.074001
252,-1,952.0,322.0,207.4,470.7,21.157000
253,-1,758.0,313.0,250.0,567.3,85.146004
253,-1,1789.0,399.0,103.2,234.1,78.832001
253,-1,1040.0,325.0,189.3,429.6,76.125999
253,-1,1532.0,438.0,113.4,257.3,65.199997
253,-1,655.0,353.0,226.7,514.5,52.499001
253,-1,1567.0,455.0,113.4,257.3,41.455002
253,-1,1757.0,415.0,103.2,234.1,27.667000
253,-1,1214.0,385.0,146.6,332.7,27.261000
253,-1,1411.0,552.0,47.8,108.5,26.165001
253,-1,967.0,354.0,175.7,398.6,24.348000
254,-1,1789.0,399.0,103.2,234.1,84.901001
254,-1,794.0,318.0,226.7,514.5,80.466003
254,-1,1048.0,322.0,207.4,470.7,68.906998
254,-1,1532.0,438.0,113.4,257.3,63.180000
254,-1,1573.0,438.0,123.4,280.1,43.167000
254,-1,1252.0,634.0,36.7,83.3,35.799000
254,-1,696.0,353.0,207.4,470.7,35.304001
254,-1,1412.0,550.0,56.7,128.6,24.358000
254,-1,1401.0,562.0,28.3,64.2,22.076000
254,-1,978.0,371.0,159.8,362.7,13.663000
254,-1,1212.0,381.0,123.4,280.1,13.152000
255,-1,797.0,313.0,250.0,567.3,87.098000
255,-1,1789.0,399.0,103.2,234.1,73.720001
255,-1,1048.0,322.0,207.4,470.7,62.137001
255,-1,1532.0,438.0,113.4,257.3,61.936001
255,-1,1567.0,455.0,113.4,257.3,38.719002
255,-1,689.0,353.0,226.7,514.5,35.355999
255,-1,1416.0,551.0,61.5,139.6,28.806999
255,-1,1281.0,490.0,73.9,167.6,14.540000
255,-1,1258.0,634.0,36.7,83.3,13.342000
255,-1,1202.0,415.0,103.2,234.1,10.375000
255,-1,1757.0,383.0,103.2,234.1,4.485400
255,-1,978.0,371.0,159.8,362.7,2.336700
256,-1,835.0,313.0,250.0,567.3,78.400002
256,-1,1789.0,399.0,103.2,234.1,67.917000
256,-1,1532.0,438.0,113.4,257.3,63.766998
256,-1,696.0,353.0,207.4,470.7,59.287998
256,-1,1080.0,322.0,207.4,470.7,58.528000
256,-1,1420.0,550.0,56.7,128.6,35.136002
256,-1,1567.0,455.0,113.4,257.3,31.219999
256,-1,1281.0,478.0,103.2,234.1,24.875000
256,-1,1634.0,529.0,79.9,181.4,18.129000
256,-1,1367.0,669.0,26.0,59.0,13.710000
256,-1,760.0,385.0,207.4,470.7,6.570700
256,-1,1875.0,536.0,28.3,64.2,6.335000
256,-1,1678.0,383.0,103.2,234.1,3.125700
256,-1,1059.0,437.0,43.6,99.0,1.272800
257,-1,835.0,313.0,250.0,567.3,79.154999
257,-1,696.0,353.0,207.4,470.7,68.848999
257,-1,1532.0,438.0,113.4,257.3,65.681000
257,-1,1789.0,399.0,103.2,234.1,63.998001
257,-1,1080.0,322.0,207.4,470.7,61.964001
257,-1,1602.0,455.0,113.4,257.3,23.844999
257,-1,1281.0,478.0,103.2,234.1,23.652000
257,-1,1420.0,550.0,56.7,128.6,23.636999
257,-1,760.0,385.0,207.4,470.7,21.246000
257,-1,1686.0,465.0,52.0,118.0,15.050000
257,-1,1212.0,381.0,123.4,280.1,8.276900
257,-1,1766.0,465.0,61.5,139.6,5.623100
257,-1,1058.0,442.0,47.8,108.5,2.269300
258,-1,728.0,353.0,207.4,470.7,89.862999
258,-1,835.0,313.0,250.0,567.3,82.183998
258,-1,1102.0,322.0,159.8,362.7,61.491001
258,-1,1789.0,399.0,103.2,234.1,57.500999
258,-1,1532.0,455.0,113.4,257.3,56.523998
258,-1,1191.0,635.0,67.5,153.1,30.938000
258,-1,1430.0,561.0,52.0,118.0,30.773001
258,-1,1602.0,455.0,113.4,257.3,26.882999
258,-1,1281.0,478.0,103.2,234.1,18.905001
258,-1,1111.0,638.0,73.9,167.6,18.188000
258,-1,1497.0,438.0,113.4,257.3,15.414000
258,-1,1065.0,442.0,47.8,108.5,15.332000
258,-1,1684.0,396.0,94.7,214.8,9.295200
258,-1,1096.0,684.0,28.3,64.2,7.423600
258,-1,1567.0,438.0,113.4,257.3,7.167000
258,-1,1662.0,478.0,103.2,234.1,5.744700
258,-1,1205.0,376.0,135.4,307.3,1.855300
258,-1,1372.0,648.0,30.9,70.1,0.945350
259,-1,874.0,313.0,250.0,567.3,80.833000
259,-1,728.0,353.0,207.4,470.7,71.624001
259,-1,1126.0,322.0,159.8,362.7,66.924004
259,-1,1532.0,438.0,113.4,257.3,58.283001
259,-1,1800.0,410.0,94.7,214.8,52.629002
259,-1,1191.0,635.0,67.5,153.1,30.393999
259,-1,1630.0,478.0,103.2,234.1,28.139000
259,-1,1768.0,420.0,87.8,199.3,19.344999
259,-1,1567.0,455.0,113.4,257.3,16.287001
259,-1,1668.0,438.0,123.4,280.1,15.695000
259,-1,792.0,385.0,207.4,470.7,14.329000
259,-1,1383.0,381.0,123.4,280.1,8.524800
259,-1,1303.0,570.0,61.5,139.6,7.919800
260,-1,760.0,353.0,207.4,470.7,80.601997
260,-1,1126.0,322.0,159.8,362.7,69.905998
260,-1,874.0,313.0,250.0,567.3,68.836998
260,-1,1532.0,438.0,113.4,257.3,63.057999
260,-1,1815.0,410.0,94.7,214.8,57.255001
260,-1,1640.0,498.0,94.7,214.8,33.303001
260,-1,1372.0,376.0,135.4,307.3,24.847000
260,-1,1786.0,396.0,94.7,214.8,23.809000
260,-1,1567.0,455.0,113.4,257.3,18.066000
260,-1,1225.0,347.0,159.8,362.7,11.616000
260,-1,1767.0,545.0,28.3,64.2,6.776000
260,-1,1710.0,465.0,61.5,139.6,4.520200
261,-1,760.0,353.0,207.4,470.7,104.099998
261,-1,1535.0,463.0,103.2,234.1,63.207001
261,-1,899.0,353.0,226.7,514.5,63.007999
261,-1,1815.0,410.0,94.7,214.8,59.796001
261,-1,1127.0,325.0,189.3,429.6,53.507999
261,-1,1646.0,478.0,103.2,234.1,43.113998
261,-1,1291.0,483.0,94.7,214.8,26.347000
261,-1,1786.0,396.0,94.7,214.8,20.312000
261,-1,1383.0,381.0,123.4,280.1,20.046000
261,-1,1069.0,296.0,189.3,429.6,18.174000
261,-1,824.0,385.0,207.4,470.7,17.881001
261,-1,1504.0,447.0,103.2,234.1,13.571000
261,-1,1566.0,409.0,52.0,118.0,3.202500
261,-1,1710.0,465.0,61.5,139.6,1.789600
262,-1,760.0,353.0,207.4,470.7,101.809998
262,-1,1535.0,463.0,103.2,234.1,68.206001
262,-1,1815.0,410.0,94.7,214.8,59.084999
262,-1,934.0,353.0,226.7,514.5,58.694000
262,-1,1112.0,322.0,207.4,470.7,58.055000
262,-1,1324.0,576.0,56.7,128.6,51.032001
262,-1,1671.0,529.0,79.9,181.4,36.268002
262,-1,824.0,385.0,207.4,470.7,32.125999
262,-1,1372.0,376.0,135.4,307.3,31.308001
262,-1,1504.0,447.0,103.2,234.1,11.709000
262,-1,1767.0,553.0,26.0,59.0,8.686200
262,-1,1710.0,458.0,67.5,153.1,8.192500
262,-1,1567.0,447.0,103.2,234.1,4.827800
262,-1,1266.0,383.0,103.2,234.1,3.753600
263,-1,792.0,353.0,207.4,470.7,82.294998
263,-1,1535.0,463.0,103.2,234.1,67.056999
263,-1,934.0,318.0,226.7,514.5,57.900002
263,-1,1671.0,529.0,79.9,181.4,57.380001
263,-1,1112.0,322.0,207.4,470.7,56.660999
263,-1,1829.0,410.0,94.7,214.8,51.806000
263,-1,1333.0,576.0,56.7,128.6,36.671001
263,-1,1800.0,396.0,94.7,214.8,27.010000
263,-1,1372.0,363.0,146.6,332.7,25.503000
263,-1,1767.0,549.0,26.0,59.0,13.897000
263,-1,1504.0,447.0,103.2,234.1,12.807000
263,-1,1281.0,399.0,103.2,234.1,11.601000
